289
1000
9331
4901
-3576
-7828
-6504
-2162
-9792
170
-9702
4243
-3866
-9582
9452
6545
1860
-7114
1379
3222
-2027
3768
1844
384
7140
6703
7378
-3747
1234
6559
-9616
9272
-2963
-9387
110
-9975
737
1982
8360
-520
2473
2261
-9781
3328
6913
-7061
-6672
-4263
-3066
-9369
4199
-7869
5212
9237
-1785
5122
9172
9852
9356
-7685
-6680
-8917
-5354
6575
-5591
-9067
287
-7150
4487
-188
-7223
-1916
-7892
8935
181
-7979
3160
2746
-1751
-7926
-341
-7741
7209
-3866
-9894
6921
-787
-9739
-3733
8845
821
4817
1330
-2803
-8840
3343
643
776
-7337
9544
-4707
8990
7394
6486
4718
-6588
1622
-1335
-1671
8384
9897
-1092
-3822
-310
9019
-2970
4244
3440
-985
-3660
8731
-3041
-7505
-86
-2603
8327
-9021
-2653
-3135
-3149
-6174
2494
7738
-9154
8950
4234
-5199
6564
-4393
219
6147
-6338
-996
4672
-8921
1547
5764
67
7054
-9377
-4209
1936
3715
-3761
6963
6992
8528
7106
-2027
-315
6757
1718
-8029
7031
-1695
884
3346
9723
1118
8533
7883
5911
-2761
-3476
-7611
6705
-7002
-5567
-7111
-6792
-9620
8737
-9048
5454
-5382
-2081
-3747
-5696
-6198
8775
-6458
-3036
7746
-5199
-1254
-99
-1422
-685
8445
-117
-728
6565
-9857
-6911
-7711
7447
626
7720
-4731
-2476
6559
7633
9259
854
7606
2003
2936
-6095
9004
9694
-9178
3437
6194
-8167
6354
-3393
2696
3510
-7818
6772
-7907
4918
-3628
-265
-3781
273
8173
6269
5368
-3514
-5117
-9578
-406
-69
1985
-8402
-5613
1332
2176
7372
-54
-5395
7254
-343
-3553
-6171
1811
-1062
-983
-506
-7282
-3073
9204
7036
-5276
3295
6187
-9570
-9486
5802
-8538
-6288
-9321
7137
1928
-9835
7376
-5198
-519
-1319
-2452
-3469
1244
6461
8715
-5889
6079
-815
-5379
3613
7204
-9912
7105
-7017
-5965
-8914
5741
-4739
-3145
1389
9045
1621
-3211
-3217
-7114
2192
3969
3122
2530
8568
1724
9718
-6502
-8728
9216
-3675
-596
2692
1392
2611
4782
-923
2202
-5378
-2745
-7757
6659
-2398
-6492
-6633
-939
7585
-7806
-4138
6010
-117
-8177
2038
-8668
-4341
1187
-5599
-2325
-3325
-7100
-5379
-8633
9338
-4917
5002
9582
465
6204
-8661
4403
616
-93
-9280
-4430
-8501
5997
6740
-478
1303
-8382
2954
-1001
-2525
3713
3883
-9371
5570
-6822
-9191
2699
7414
4210
-3145
-7695
-3170
5394
-1054
-8366
5350
-4399
7855
8364
-304
7553
1343
-7315
-6900
-722
-9953
2539
-860
-9526
-1097
-4659
2513
-835
4778
-2582
8435
-9551
-6724
3606
869
2562
-4723
2430
-4409
-8800
-8407
8548
4030
-7624
1873
6107
-1512
4657
-9538
-7025
-5997
-1393
-7914
1307
6867
-487
8462
2910
-7537
-2444
-835
-4566
2495
379
-9916
6244
-206
-262
9400
6301
234
-8373
2860
3029
-1999
7643
-5728
-4070
1070
-6784
-4616
-4569
-3738
7856
2513
-1713
9386
-5849
-7707
3742
-9126
-1565
-8694
-7731
-74
-2318
-4922
6453
3383
-3084
2486
3038
3142
8977
9077
1882
8544
-4821
9532
2309
3477
-1804
-8625
137
-9614
7597
-8462
9156
-1029
9464
-7469
436
-4901
-9004
3458
3043
-4696
-1923
3502
-9417
2127
-9974
-2460
3548
48
7635
2681
9473
9387
2583
-7587
1483
-2053
-5093
-2936
1015
-6093
-488
3170
-4076
-2411
1373
-4298
-6021
8558
-7553
7714
-4668
-2603
-9348
-8682
1674
2746
2151
9141
-837
-1625
-8522
-3546
-648
-801
5580
5728
9577
8810
-3699
2461
-1830
-6644
9500
-4663
-7138
9960
7968
-2723
4900
-571
-6094
-2099
9473
3869
-4968
-7757
9902
1630
5965
-7665
4366
-1306
5716
3032
1032
8592
-4465
2710
-4806
8679
-7211
-2850
-8640
-2559
-1035
-3575
8831
9015
-1068
1360
5400
6066
-3824
-6101
-3455
2726
-7228
8747
-3531
1336
8984
202
5527
9450
3502
8494
-5764
-2588
1650
-1664
-6872
-5492
-4201
8591
-555
-5886
-6707
-4644
7986
1040
-3519
-9260
-7980
-322
-440
7245
2205
2058
-8294
3297
-9543
4113
234
-3563
3701
3137
-5488
7813
5136
7523
6868
5350
-393
-3777
9465
-4838
7464
-3722
-9378
9726
1777
6721
3309
-9452
6303
-4852
-1037
-4330
6228
2453
980
5297
-7307
2358
1168
-4600
-2058
435
-850
6349
-6681
1920
-904
-160
2761
7552
-1577
-7362
872
-2139
-5998
-7391
3957
1691
1739
7127
9870
-5481
9815
4571
2049
6329
-7145
-8250
6654
-1080
-2449
-5285
6957
3365
9693
-1501
2986
-4481
-5394
-4378
4817
2609
-6508
8889
-4872
-6084
-952
-8070
-7248
8306
-5467
740
7316
-3125
3497
9026
-7644
-7932
-3620
3813
-6916
-2964
4615
9330
-2672
-4523
8275
1069
724
-9687
-3750
4754
-1382
4389
5126
8924
1801
-7918
-4514
3498
-5526
8381
-5319
-7227
-4918
9550
8966
-6070
2582
8693
-7037
8975
9811
5987
4470
6327
9407
5018
8728
14
1422
-9655
1416
-6341
3831
-2688
-4273
-1476
9157
2511
-6143
-942
-5442
-8233
-5465
6866
-6044
-550
6958
-4588
-4132
2139
-5424
-7688
7135
-4889
1989
-3138
-6931
2794
-8213
174
-6322
1813
-3094
-2825
-6609
-5051
-8681
1310
-8328
3307
8142
-6433
3658
4949
-9385
-7015
-7651
-8789
-8699
-7895
-6194
-8473
-4485
-1964
1502
6507
-4020
7808
6402
483
3577
2320
-6622
7345
-135
-3218
-8938
-838
-925
-377
-3821
-7281
-1038
-9542
-1292
8493
549
91
-362
3775
-899
9555
2965
6464
-9994
-4637
8519
-9746
-3306
-8469
9228
7867
8297
-6114
-5357
3522
9319
3031
-3983
-2374
2175
-5772
-5307
5520
-6764
2760
-2494
-2040
1528
5348
-7949
3074
-1839
-169
-986
-784
9236
7956
4674
8984
2226
864
1504
2995
5562
-3170
7851
6015
5170
4183
891
-8910
-4419
106
380
524
4569
2823
-5834
9734
-9371
-8441
5631
-419
-9678
2614
-499
5880
4043
-7381
60
-2111
-741
7631
3467
2081
8666
-4209
-1156
-1596
-7015
9
7404
-7040
-3098
-7879
-2607
-8848
8433
-5743
-6178
2775
-8557
-5661
-8051
8917
5075
9203
-2941
4188
2570
-5128
-6384
-1408
-8135
9807
2826
-5257
-5768
9393
-662
-3428
7198
8611
-6351
-8583
-634
2313
1790
-632
-8623
-2198
-9049
-2368
8603
7600
9339
128
4068
274
1562
8253
-3073
5744
9451
5510
5885
5172
-5249
-8624
6528
8689
-1784
7422
6368
6622
-4661
-7492
4507
7996
-9219
-3824
-5269
1953
