1852
8897
3613
4781
5982
1505
8667
4
6383
7454
7267
7852
939
9241
2130
1420
5718
776
5563
9593
5036
9767
6647
4901
5121
7334
6991
621
8075
8012
3417
5002
4722
859
5576
3110
9178
7854
1589
9951
7903
9926
5858
4675
9803
8931
8983
2960
7110
7539
1111
9841
5599
310
3064
646
2280
5023
3877
7924
1694
8421
982
9606
5500
1703
7794
4633
6252
7437
9289
5165
6456
947
2936
5165
5382
5621
3301
8413
2997
1172
3204
5208
7589
2915
8426
4417
27
3252
7312
8127
4000
1183
4749
3778
7242
9212
3413
5965
2063
4983
9955
8646
8740
2600
4902
2789
3219
8170
4272
7680
7527
5631
8337
1036
3495
2570
9519
7934
6890
2559
6535
1817
9821
8914
2479
3227
4302
8648
5658
8525
9998
6558
6407
6001
5971
4021
2516
1627
5069
8598
3007
4975
9974
299
4134
9000
2079
4953
6687
734
2072
3195
9170
1164
6524
6056
6475
4618
6011
7416
2712
9022
4207
1950
9326
6829
2233
6249
4224
4856
1019
5221
5512
1684
6551
4705
9711
3251
8947
1938
8610
8901
275
2675
7168
4791
6783
7514
560
9136
8010
5927
2727
2260
3641
1761
9799
1518
5799
5057
7413
2067
2056
2827
4876
7087
7214
2465
2078
7814
8545
6035
2792
9385
4105
660
7148
8569
9005
4446
6976
7604
1932
346
9862
1553
3973
7315
8397
4980
8566
2466
8332
3867
4305
1822
404
7083
2274
4167
1863
4120
2862
6450
6769
5799
376
7155
368
6936
1670
1169
7955
3424
6494
8520
5648
3397
9869
940
3397
3239
6894
8396
8835
5076
718
628
1945
1202
6223
1001
9847
7506
6775
5094
3963
7090
824
7979
4063
787
5081
7563
7047
9205
7152
6928
6913
9580
7914
5991
4906
5059
9173
7369
7780
6200
9621
7341
3727
4650
9641
9017
1678
8346
5443
1669
7508
1496
8918
8902
3605
3980
9144
8371
2938
9406
9325
3353
9
3857
5288
1998
2032
8077
6456
3017
6163
3159
1650
7597
7640
3661
7661
3022
8147
2492
2599
1218
9147
9263
8
5371
1888
7692
5518
3522
4140
1830
7772
4173
1833
6481
3932
845
2899
6416
2691
7928
221
1319
8657
7777
7347
3345
3764
8328
7702
2426
9135
3012
721
3048
2902
7562
3852
9539
6495
6969
6637
3215
8581
9534
2734
4705
382
1665
2086
3106
5344
8122
2124
2472
2702
1623
5868
4226
1311
4131
6180
2927
1157
4536
4915
6655
6262
5393
3074
7957
7100
4234
4992
4627
2111
7737
9932
3794
5553
796
3333
7583
8650
9720
6600
9840
286
4591
9361
8548
5501
1280
9984
8314
1214
6237
1752
112
6136
9648
4593
2004
5090
8903
9026
1077
5351
1393
1102
5432
9829
4056
1668
9980
2351
6023
9423
4065
298
6933
3651
7900
8328
5810
1859
5227
3677
6712
3614
5497
5083
538
6543
4558
7791
2377
7626
4338
6460
1206
542
5733
5679
5883
3879
8695
1273
864
2577
3731
422
1692
9611
6064
1781
575
7152
2113
6270
3042
5783
356
3460
6941
8578
5065
9219
6532
3273
9904
1753
6924
3659
6639
1349
1876
8674
8711
1005
2126
3200
8677
7726
9542
1947
159
4436
8819
4874
3805
7246
1990
6593
9145
2910
6107
4076
9409
7088
2228
9881
5016
1531
134
380
3987
1556
6822
1693
445
8659
3506
7237
9427
2389
1610
1924
4214
4349
1513
3711
8147
5939
500
7493
6159
4297
8663
1128
5883
6112
4155
4155
5529
8761
5645
1970
8046
6989
2356
352
673
2301
2347
172
3400
1317
5189
2757
7601
4419
7287
9525
4055
9394
4838
8051
7563
3921
3839
2626
129
7090
2980
4220
3067
3485
351
9287
6941
4611
5380
8803
7787
7950
6678
4876
4768
544
2458
7207
3725
1837
4007
1721
1423
8222
2699
2085
5934
32
3858
592
6226
7123
161
9476
5866
8259
7751
4203
683
6535
4019
8012
5527
4911
7287
3274
2149
8204
6878
2164
2778
6289
9135
819
6255
4140
9505
6310
794
7068
3631
7926
1548
4943
3957
1577
6896
6112
5310
6767
6223
5584
9369
6694
4764
654
4005
5185
4951
6445
431
5011
155
9737
146
6250
8817
14
195
1869
1967
8857
1388
3804
5658
2293
440
8558
2859
753
923
1140
8435
6969
395
8147
3546
7381
7921
7914
8990
5176
4981
3024
2636
2265
4286
9523
1339
9644
3803
3749
6862
4038
9712
5729
6767
2084
7019
6727
4230
8302
5085
8623
8861
9887
8648
195
9243
7531
6521
1067
1426
4985
5140
2149
9233
7517
2026
3365
7243
170
5554
7451
2745
3337
6943
7022
4517
7230
2688
3723
5986
8196
3759
2297
2543
25
375
8377
8998
673
6571
9921
8397
6055
4168
6972
9498
7742
9707
4237
4431
6792
8081
7120
721
9565
9605
6431
2003
8987
9707
4147
1140
3936
9911
2676
506
1662
211
8805
1633
2200
931
2460
5501
3299
5881
8438
3004
8360
7895
1408
6670
9562
7803
4388
3704
3276
7578
2627
3715
8893
8270
6240
6094
1800
9736
9113
5925
2192
4446
9978
4717
2817
9594
5612
3972
5033
5102
254
6323
1292
3850
6957
9399
7975
6263
6211
1985
272
9301
502
9617
4671
4393
4032
7254
535
8672
1191
3340
3751
7641
325
4580
8802
5214
1589
2962
7978
724
6685
8507
7841
6015
4999
7313
7755
2139
3615
8907
3115
9223
703
2698
4704
1265
9527
3822
1736
26
9085
8496
9275
6518
5380
5090
9193
20
2659
8990
4836
9852
2944
6777
5602
987
8292
816
37
833
2211
2326
139
4341
5206
1789
3530
7649
123
7426
3504
9290
5047
6507
3823
7946
2851
9911
7896
7005
3506
5139
82
1650
9128
1237
7345
9770
5086
3293
5524
5418
4481
6786
8619
8864
1107
8283
9254
2166
1196
7468
1201
5729
3932
3964
2557
3070
6778
1988
1794
2671
7733
6895
1770
875
2737
7380
244
6727
2673
8619
1298
5136
6285
5187
1672
9709
5021
4908
854
861
2672
3774
6162
6737
176
9312
4157
5268
3919
7966
426
2873
7993
480
7986
9887
9906
3681
3719
6301
1059
8434
8309
6568
7984
4403
991
38
7091
1219
7869
8893
7203
4373
739
7391
3048
6289
7468
6815
4864
2664
4266
2090
8322
1556
6744
4646
2590
7928
591
1478
8636
6110
7844
8006
8962
1816
9563
7754
7234
8134
6254
829
2965
2368
6731
9965
9611
8089
5427
8643
4362
9184
821
9284
8422
5010
3351
2964
8386
3827
4840
9651
2493
3646
1725
8629
9053
3667
7463
6637
3594
4624
9873
3415
4758
9101
497
1160
5060
4901
7697
8539
1409
4194
5699
3823
9835
9108
4489
6376
4252
4576
8278
6838
4514
2040
8457
8149
9794
1477
5234
2513
4238
3055
494
4157
2523
3584
9677
7385
674
7304
7209
6096
4384
7592
8248
9595
459
6871
6110
4409
8923
7794
4400
763
7448
71
6001
7360
3370
2162
9045
8809
3138
7242
6847
7627
5911
1481
125
8854
4121
5463
6022
4651
326
7106
3408
8346
6500
9316
9094
6952
2096
1810
4163
1937
7889
7238
3526
645
7618
1485
1046
5538
9748
8355
9729
899
3973
6759
2105
3713
2200
7751
8236
3839
9201
956
2878
6178
7813
8090
3186
5414
230
4528
423
3485
7454
4499
5194
4402
4081
5919
4353
9080
9545
4770
9826
2315
2905
2952
8669
3116
4140
8150
3983
4524
8319
918
1373
6645
4070
619
6806
7809
6450
584
2964
3745
6255
7921
797
298
2622
5337
3768
3407
342
3652
5746
465
6212
8171
8520
8179
2302
8420
8865
9094
8077
4365
72
659
337
535
4254
8516
6522
3091
7713
4654
1961
3297
5048
4216
9119
7125
8358
5907
7466
7262
3781
7949
5928
6556
1131
9096
108
4010
3506
9850
3168
4151
1296
8715
4572
646
1864
4936
6498
5658
1918
1191
4003
5679
9856
8263
2734
7781
8005
2511
7599
2374
410
4463
8841
6037
3529
1647
8165
3360
3297
9442
8428
6464
3093
9712
4449
1715
5298
792
1999
5435
7143
4264
770
9071
2501
2923
9548
4303
4485
748
6784
4334
178
8357
1264
2172
7775
1546
8835
3750
8747
9664
4253
8286
392
8214
4069
1401
5170
9888
6459
3482
1606
1656
852
1017
9765
174
4666
9707
468
5247
3213
3460
4300
4344
1559
1339
6704
5650
7661
958
7244
8431
9677
9781
2528
5745
4382
6025
8921
5452
1764
1734
3039
3838
5850
1827
9579
4437
6291
6712
7784
2004
159
4343
349
2627
5006
3245
2365
8170
2919
6846
1051
6012
3887
9679
5989
4252
3377
961
1378
6013
2323
2407
3823
3370
8571
7432
1720
1019
3530
853
1670
889
5386
6675
5953
3519
6308
7800
3663
5239
2719
3762
3971
3404
7916
2907
446
4842
6616
2562
5106
3572
3018
1589
7704
4194
7830
9163
1082
6869
8141
9802
8180
7799
8931
6527
9949
4711
5614
4184
5203
3878
252
8905
4480
9332
5784
3250
4031
7764
400
103
4902
2920
9296
2286
8251
8716
6609
172
4577
7216
529
8824
293
6951
870
118
7706
780
9366
9550
3014
3006
4391
7556
6139
6520
5887
3544
1797
1940
406
7888
8547
2595
1620
9497
5548
4082
7438
104
2107
3472
190
9457
3921
8949
6484
3850
1216
384
3409
1524
871
9595
1577
6230
719
1005
442
3094
9210
4100
8146
4328
3288
4992
3613
1466
9689
7346
6346
1316
6257
3816
6376
9804
3001
7713
343
5067
7501
696
1398
4609
9504
6790
4947
5915
4953
5986
9588
89
9516
9331
3435
2382
3059
4569
612
8655
1671
5248
7450
9828
3582
2714
9638
5543
5089
3133
8718
685
1723
4156
1740
3132
2511
4755
1423
208
6218
8821
6843
9659
7085
8453
1142
6805
1281
853
920
5895
959
536
4214
5138
8006
1166
67
8770
7932
299
5980
1334
8253
9214
3892
4376
3495
8787
206
1406
2133
7928
5099
4204
8202
2742
8558
6184
3056
322
4318
4086
5018
8792
8927
1523
7733
433
5053
1324
8143
6037
1866
1090
9450
5487
3081
5955
7902
9573
176
5387
334
1653
4558
9701
4823
9705
1056
5896
3677
7021
7767
570
7725
8670
5121
6451
6891
647
6662
1278
709
9503
9414
9239
221
4566
3411
9008
4047
541
6392
9205
5476
3857
9248
9552
8317
1209
8693
1222
3004
806
5599
9943
5017
7555
4649
2483
7394
5764
1602
4446
2811
2483
735
8111
343
4345
8607
1657
3421
4832
7783
3309
9280
8685
2074
4539
2761
5243
8747
8707
9111
9683
6710
7515
884
7244
9723
859
4806
6921
4590
1212
748
1832
5736
9691
1421
5409
5849
9001
7077
9559
1099
8279
7446
5961
1590
9892
3882
7335
8447
8151
875
1210
361
9813
175
5612
650
2458
8766
5163
9484
6519
6994
3104
2225
124
8990
7813
8412
2988
7
5909
6021
780
4435
9856
4100
7327
8869
4446
1624
645
2818
3572
1292
9807
1004
4658
492
6548
4705
7642
4688
4996
9052
140
3694
1633
4069
5137
2775
268
345
7113
7740
7899
1728
9761
9765
7735
6174
2517
3762
582
2337
6242
1898
3914
3154
7340
5871
8472
7415
7260
4247
1105
2688
4193
4219
6876
8584
214
6424
801
6454
3362
2648
9323
3024
7918
9145
3668
330
3308
9452
5223
2137
622
7077
1649
9902
2429
9679
3417
4944
249
9169
4809
7545
6367
417
2570
3298
1838
8389
2044
7862
2212
2001
6013
5831
3058
3562
5873
6328
5667
939
1442
9551
998
8617
3516
2727
4282
9064
7107
4004
7436
8076
1289
7302
9817
6645
4550
3263
7924
4260
2357
2053
2248
4743
2135
5781
3084
3477
745
6025
2101
8585
7356
9901
2298
8550
9346
3599
1878
6938
8720
1095
2160
6512
2104
1280
6599
9510
340
6932
1108
2791
57
3413
9992
7552
4460
8970
63
510
7873
7253
7842
2721
2745
2984
2456
8901
4101
5744
9512
9748
4679
2765
4154
7307
7680
3549
7412
839
6942
751
4190
1877
5057
3773
3329
7478
7486
5804
6894
2480
3690
5544
3200
9726
2896
3389
6099
200
6965
3657
4696
3467
6090
2849
1976
7320
3603
5066
4176
1454
9139
3198
9946
1231
3997
7974
3771
6728
8392
3053
9138
739
4514
3671
654
8527
1626
1172
1708
1069
5480
6261
1497
8487
765
7023
264
5554
7351
9153
9103
7079
6525
1071
6896
71
5329
1210
9983
6073
4338
5334
4502
3054
698
9469
3822
8080
6904
7745
6290
1073
7564
8738
3322
1121
5757
1174
116
8535
8242
5292
6081
4106
4819
6531
1268
40
1345
4143
7034
8295
8436
102
7209
9261
8113
9998
2907
8118
5469
1752
8374
5639
8824
6863
9407
5859
1195
9707
2507
4500
3515
9300
2970
1974
3909
8369
9220
9315
3766
7409
6108
8457
5714
7072
4698
9929
6971
320
2419
47
6595
4822
8260
3041
8512
9755
1104
5249
6970
2320
5043
8554
9776
2935
2836
2729
2330
295
4947
1021
3273
8648
2725
7244
2415
7787
9305
8808
769
1823
1179
5278
8454
8685
4145
1748
7333
5705
8420
9875
7871
4179
7327
4016
3482
1918
6196
3647
8082
1824
659
3769
7195
4909
5498
2894
6577
2600
9142
7950
2584
5298
683
541
499
8639
9990
4515
6829
7969
7456
1905
517
3724
8992
4107
4299
3370
3257
2583
1801
5037
9754
1255
3990
5117
4636
3012
8382
4965
2764
950
96
1028
6978
7288
3752
2841
8406
223
2161
5717
3577
7935
1113
6765
5736
5356
9798
8902
1181
2327
5134
5768
6155
7031
9870
8943
7259
9724
9756
1803
5534
6018
3819
6002
1427
1907
7651
5873
9247
1773
1855
8191
875
5350
3990
4535
7047
6051
1039
7589
9119
6839
8892
2097
9406
8712
7670
4830
5308
5810
7091
2749
5189
8516
6393
7564
5590
8323
6393
9232
4793
1732
9282
6586
6032
7468
9784
3473
1164
1360
2814
8910
2321
5186
165
2306
7800
4461
6196
8228
9290
200
8601
1158
2486
9645
9924
8998
134
8364
2873
4455
3733
8721
4417
2983
8598
634
7563
6697
8718
2584
6981
1322
173
1297
8432
5100
9241
8407
1959
7776
5594
1869
6719
1097
8998
2555
6336
8715
6586
8643
3171
9966
8270
4104
1105
5482
1304
3919
8773
1795
461
1716
3976
6031
5457
5904
5782
450
2933
8372
6986
7666
4732
1835
434
443
2167
379
904
3982
7808
1936
2865
551
1100
3726
548
327
6158
3532
2579
1305
1274
4737
7352
4438
7780
8752
8178
6237
2455
7155
6902
9021
2458
1510
617
1462
6444
1273
3941
5816
3889
4429
9515
6434
7780
5895
2073
5974
4511
7188
5323
67
2552
1516
390
7311
7571
9411
3048
7469
5493
9380
1469
7828
4919
5058
2870
6570
6665
7389
8070
511
700
7492
8445
1620
7725
3738
2673
1182
2297
4876
7172
1726
3362
3966
5838
995
2685
9719
8135
1008
8643
1083
8220
3345
4423
9870
4156
4278
4867
3307
4120
1321
6611
2701
6653
3170
8951
9235
9950
916
7948
5635
9066
5738
6726
2361
2389
21
372
1671
6519
6797
444
2535
7952
8484
117
1080
4668
2188
7086
7039
618
6722
4454
8117
4360
6153
2987
2781
8975
6412
3163
5233
9053
1526
1182
5567
4139
3347
4459
2131
46
1481
6244
6612
3437
3631
8374
1982
7943
7572
7824
7845
2489
8183
2795
8390
6969
1250
9096
2561
7785
5822
9133
8130
4649
9688
1071
5396
859
9571
4726
7386
9065
5490
4719
1200
7701
827
6950
7717
7627
2751
7140
3843
9213
8271
7920
9705
1129
1126
5990
9738
8748
3029
2434
9713
1713
6734
5471
9277
2099
768
3490
3160
7756
4433
8330
2093
2805
1089
1739
1814
5332
2416
7232
9663
455
1001
6376
9930
7417
623
949
734
9510
185
9528
412
9303
7427
7538
6409
3587
2618
1535
8230
1852
6943
801
7119
7199
915
6241
1645
45
6041
3967
3940
1744
267
3400
3769
2810
7547
5460
9716
5583
8556
8203
6852
2454
623
4226
7201
3038
2505
7878
7242
3274
5017
131
3944
5527
9898
6012
2054
3580
3097
2957
3803
6752
3154
4936
6521
1814
778
7628
2526
8431
2053
8198
4058
7791
690
7931
7592
4759
7087
6915
2388
721
6618
6100
6577
5779
2873
500
3420
907
9554
8864
4871
4992
8914
3720
2958
4189
9295
6317
5848
4233
1908
7914
3907
1563
1293
1428
7907
7258
600
6104
1840
613
5703
8404
8922
3540
6929
6046
3777
6885
2040
4061
3705
9189
1072
8609
8723
1133
1608
9332
4298
8042
6258
4871
6731
8095
4029
8241
915
4413
9864
227
6
2914
4415
1461
9787
8144
7138
9774
4508
1948
9072
3128
8258
3211
1752
6779
2259
402
5049
4858
9136
5404
1136
8156
739
522
2865
8348
4695
9744
7381
8786
9719
5877
5786
1739
940
295
4763
2218
2193
9065
4650
4516
4761
583
3642
7641
2362
2457
4749
6926
6483
3941
8371
6393
1801
5152
4885
1969
2889
3431
6596
4270
3966
7870
2892
2236
2612
3876
7986
5986
1457
6125
8543
8101
5868
4174
542
5543
801
4712
4856
5631
9180
4967
2819
6494
1184
9900
1200
6686
4698
5911
2183
6279
3340
7203
4241
2471
6767
5023
5131
8503
8151
7684
6593
5980
8034
7615
6430
430
3410
7239
8341
5819
1321
8839
3051
5194
2003
5131
6351
3194
4528
9536
8293
4608
5308
458
9611
6367
9085
8959
3977
4106
3149
3296
5258
3618
8889
9300
2229
7748
4501
5989
7046
7129
8610
7152
8675
188
8273
2029
6008
7326
1966
373
3550
8326
7403
9263
7404
8357
1532
8421
9235
9889
7517
1327
1219
3469
2932
2899
1339
1452
9974
7312
3153
7033
4104
9352
9948
9413
4931
9866
3509
1671
8554
2258
5012
1054
1832
1856
3490
2264
3515
6326
4016
8019
6593
3875
4674
4837
1618
388
7773
8009
2059
9021
8808
3879
8498
1980
5129
9203
5214
8038
1097
3384
95
2710
3311
4902
3709
7953
5508
1206
2109
6234
6984
7766
7121
2603
6401
6298
2077
9735
8115
7187
4851
3212
3269
5329
7709
5410
8
4469
4725
4253
2531
5359
5102
8226
893
6595
8698
8566
1964
5835
9827
1333
4394
316
7871
8920
7149
2463
8804
5574
631
8860
5060
2368
234
2809
7341
9318
1853
541
9561
3938
3203
7137
3655
7595
6713
4578
9632
4257
7085
7591
8658
3795
3687
9860
6705
5218
5320
3589
8291
330
7091
5624
3220
9710
2600
5297
812
5263
2467
5533
2431
8417
8159
4890
8349
4762
7719
108
3139
2402
2313
5664
6147
9802
573
3942
376
9420
7144
9716
2874
8014
9705
9274
9124
6829
8622
6907
2148
2125
464
848
3350
6670
6749
9092
2752
1779
3749
372
9641
9694
8370
9265
3062
8070
5789
6377
3237
2206
4933
9293
4878
7809
5046
6389
6889
595
2098
1046
1957
8910
7442
1291
1550
2975
761
5839
4090
2055
7381
1284
6140
3227
8332
3968
9366
2667
320
6071
105
4540
7756
8988
5682
1815
1332
9322
7496
6895
4303
8
4792
4294
7516
3172
2077
593
5299
3754
9834
1951
7902
4531
8014
8383
3503
2667
4601
2314
7206
6884
779
2334
8708
9205
1355
2660
7931
9147
803
5459
2042
3175
8172
9844
2598
2713
740
3424
5121
8741
3670
109
3732
9684
5455
3614
1973
9166
9074
6236
8960
1439
5824
5726
2239
6749
7377
6781
2256
3840
7868
6717
8189
197
9600
5669
4644
7715
7156
582
478
7036
7244
549
493
7873
8291
9438
5269
5068
1623
2954
8785
9200
2298
9831
5055
2662
8503
4816
8271
7088
2669
96
2902
7855
7749
3025
4778
6401
7826
6652
7928
7764
9114
8227
359
5641
3324
1078
8803
3072
4002
8151
4441
2036
451
6025
9347
2295
6814
9167
9534
4737
7428
6781
1767
4585
294
7187
2852
4312
7184
2548
2473
8751
5436
8972
8508
8104
4053
3937
947
2687
2365
5368
8670
1916
6001
2428
4818
6184
1827
7953
7887
3496
472
8988
352
9356
928
7963
2086
8729
844
4724
1511
1399
2887
6470
8228
8114
4823
8476
1474
2621
6407
8399
8081
1683
3580
2206
8479
4880
4523
5
4989
5813
4063
4502
2512
3646
1246
8646
7638
6168
5385
7015
6931
4815
5993
3344
157
8434
7063
4849
3220
4098
6868
4288
6494
2354
9202
9002
3531
8430
1987
1766
5517
988
1960
4449
677
1361
2341
2833
8721
7558
9228
5970
7700
8075
3735
678
6700
591
2993
9493
4382
6096
5343
613
2978
3416
6237
9496
7428
111
9739
3174
7023
4167
7767
7039
30
2094
9987
2287
9781
6409
7766
9079
2420
4698
1381
3031
4529
144
9056
9288
6627
2969
3646
3433
1252
6965
326
7903
5256
9621
8190
2524
4924
9715
2552
542
7722
2641
9766
2310
8209
5461
3403
2731
9035
3989
1063
6409
9152
3563
7780
1740
5397
9504
1134
3846
8712
4631
9465
8184
7138
8855
5053
286
633
4233
7243
3786
6899
4582
7702
4422
4246
2694
8170
6170
5755
5680
7857
7859
5250
3467
6654
6512
9818
76
6869
957
5794
9699
6979
8784
992
4565
7302
3017
9890
6932
876
3063
1713
4857
1863
9063
8110
9245
5843
3385
6605
72
6975
9422
545
1308
9465
4435
1887
6611
8723
7448
7290
2073
6814
8203
4251
5958
5576
8916
3279
9713
437
8416
696
5909
6752
2064
9881
2343
6290
5962
1753
2539
3488
7371
3442
9130
5182
5343
4833
8222
9985
530
66
5189
8570
5603
5340
9459
8132
5022
3832
3039
1486
6456
9661
8625
9843
5709
6706
2014
2794
3374
4107
2123
1802
7486
9998
4327
2864
4635
5605
1148
2526
3618
8624
6981
591
7451
4346
7560
6209
7753
931
7347
4571
1365
6973
1212
4490
3131
329
4618
7659
8374
4933
5489
2444
6099
4714
5005
8986
4252
4103
9797
5691
9901
8113
9353
4570
5333
277
3460
2584
2971
1517
7554
3213
5527
8001
5564
4213
8963
3222
2599
7311
8134
2245
6951
1839
4668
6202
7763
742
4339
3136
444
2548
858
2284
9673
7735
1879
15
9380
1730
9209
6649
1899
8758
2839
7025
2551
6492
6689
7705
201
1525
5541
8941
1223
5113
6725
5040
274
4842
9167
9419
2011
6403
6295
6326
6845
2606
4910
4830
48
9796
3556
9628
3856
1379
3422
2798
9274
9076
8447
2254
8027
4061
296
4111
4642
6192
8683
2727
4022
5643
1133
4274
8540
5257
1757
2711
4613
2474
5287
4227
7776
927
2776
3122
3762
7577
8681
19
231
9473
2793
6235
4464
6633
4974
8
7986
5545
9397
1015
1753
5328
129
4478
5286
2500
709
1474
7098
3065
4242
6448
8765
6273
7414
9352
7607
49
2724
5241
8317
7410
6935
8223
3257
9202
32
6017
9641
4015
2806
7460
2101
5996
1973
1880
7254
4289
9512
654
9576
8195
390
9079
4726
8038
9147
8468
1728
4201
7172
4906
4155
4216
9876
1927
3068
1572
7947
9931
2067
7574
1145
9632
368
7649
2802
9643
9931
8037
3140
9606
5917
598
6268
2549
3564
975
7825
2975
2201
5649
8234
9547
8887
9594
2343
461
4588
6546
7804
1961
283
6687
6249
7472
1727
399
9806
143
229
118
8672
4907
8711
9394
216
9304
4099
6108
95
9148
4894
64
9558
6725
6292
4359
551
5086
3164
7225
4834
1194
6997
336
2501
6558
3411
6216
4841
6309
1719
8622
6743
9838
7684
986
9211
7944
7701
3541
430
2074
108
2447
5059
8885
8700
3413
237
4620
9093
8977
1963
3185
78
9072
8484
4231
4393
2945
8734
7636
6398
3760
5526
3896
807
5168
7132
8636
3078
6536
5435
1726
2020
565
4623
7922
404
2172
1128
6720
932
9472
4283
554
2416
9446
5713
7933
4333
751
2535
2694
9459
2654
2874
5616
3839
2381
9509
7948
2841
7243
3662
8922
4181
4612
578
6862
4423
2780
3189
9290
2084
3232
3279
4676
1220
3005
4525
9710
6496
4564
917
7092
5977
2148
8960
1389
7416
6582
9629
4352
5118
1937
306
6262
5229
8836
7746
2297
3812
2787
484
3419
9221
4816
8032
4857
4096
4188
9519
6467
6476
918
3184
1846
1135
8452
7753
249
4863
2982
165
4684
8921
7510
6822
9390
6793
6750
4141
3038
5856
3561
2310
1407
2352
1687
7660
5335
6231
2207
6082
7789
5922
1305
5348
2946
2425
3532
180
8668
2393
2939
9928
3138
9658
3638
7172
9083
8379
6616
9121
4055
9846
9811
4620
10000
5806
241
4776
5785
7692
6284
4877
5181
1139
3599
9975
5267
4346
5622
9234
2575
3633
2431
4820
7058
2093
330
9965
6093
1783
7797
2794
5918
1695
160
5030
5871
7360
9159
4346
9707
1574
9354
9061
9199
5681
6683
648
1453
6743
1135
757
1341
6425
6474
8103
2344
8452
3623
3226
2570
3632
421
6671
9425
4573
308
7747
4127
3560
7754
1568
8831
2377
9081
5019
8583
7290
7239
9985
8137
4069
1347
1046
1103
8131
1673
9099
8051
3813
7361
2809
2832
2940
452
3363
1985
5006
2984
7700
6209
7835
9640
6505
6159
28
8630
3600
8462
1390
8706
3874
2551
3887
5419
151
7203
8329
7452
6766
9538
4259
7125
6075
8245
8211
7664
7823
4405
5071
2725
8321
2816
6588
5829
1230
5558
2100
635
7086
8693
4459
4951
1150
1210
835
7920
1350
3745
9646
9109
6126
8169
8485
5588
7710
7598
6614
4426
4993
3899
7469
854
2006
9340
8739
8851
9788
7187
6330
9273
846
2396
3561
1897
6917
9140
2983
9051
1482
8578
8403
9150
5260
3371
6239
5811
679
7193
6613
1729
5451
5383
3060
2612
354
912
773
5542
1041
4176
8670
1739
3527
9135
5494
2106
8191
8658
2266
5001
6827
2612
5582
3011
5566
6016
705
1720
7909
707
9719
6517
2326
6412
3358
8286
5267
9337
3665
6267
5785
4258
2226
94
5984
684
8598
6387
5370
5319
2733
9162
7740
8869
7323
6693
84
4480
7288
5424
6860
3286
7859
9888
6018
5334
1133
5928
1009
7071
3757
2023
705
3150
1885
7359
4313
3000
654
1551
441
7593
4448
6088
1107
7495
6499
7977
5272
4267
5675
806
7808
8234
1039
5370
388
2302
2071
7678
3515
5069
8360
3257
2060
7565
2498
4099
5409
8858
8775
8354
810
9918
1146
1166
458
5200
3570
7393
3927
3027
1447
6474
5164
1724
7333
9169
2531
5190
7743
3426
9274
4467
848
2513
9797
2444
2917
5622
1700
322
6944
8439
9036
4098
3780
7914
5602
679
3967
7710
4199
9371
456
2178
3723
9704
239
4879
5786
1057
6427
9980
4281
6054
9565
1848
2377
1317
9625
6837
9555
8276
1859
4778
6771
1849
5920
4958
7863
7444
3811
7149
6940
1336
682
242
4269
1299
8874
9447
390
5942
7774
7785
410
8835
7381
5091
1021
6102
6095
6336
7976
7321
2475
4712
9358
3946
1024
9906
4110
9646
142
9537
4732
8910
1420
5071
82
2584
3814
9413
2040
838
469
3084
216
6652
9150
2559
1839
1280
5017
62
3558
5497
9546
4188
7342
7091
8585
7244
9301
4808
5081
7819
1944
71
1789
4531
8841
5781
2847
5944
6410
5577
5363
8193
303
5582
8129
9535
8114
1262
5617
4686
5357
5253
5112
6982
4748
8305
8885
2339
5592
9693
3717
1365
9076
3783
9457
2451
6655
7114
5438
6006
1682
2315
5774
3986
1612
2880
4026
2160
4957
9262
9897
5539
5966
7412
2721
7631
1521
4451
4479
2385
2740
6427
2508
3932
4873
6422
9697
9752
5756
6911
6694
1172
4457
1128
9163
9123
1965
3796
9639
5877
8554
9089
3123
9945
5102
1214
6049
8715
3958
3059
3273
1764
2058
2924
7525
3758
6670
9325
6004
8893
4707
4956
3496
9092
6488
9464
2125
3312
7604
7783
4600
2025
7295
2844
2411
10000
9162
2529
7047
3348
4842
8717
583
8873
3061
9520
3944
674
4525
6825
4652
1720
8379
4023
9714
4562
3273
1307
6732
5259
3866
5082
9799
6163
9806
1035
1804
7608
1464
5652
1901
7475
9411
8235
6451
7513
6404
9311
2251
9586
6499
3307
2959
4047
7760
1219
3334
2420
9559
6863
1592
1461
3872
4185
76
2889
6820
5299
8385
4793
1435
9907
9802
8617
6649
471
5956
6006
9168
9825
5960
3260
5055
8589
5659
4585
9266
9107
1690
6700
2945
1134
4507
8261
1011
511
5624
9832
7037
2346
4304
8399
8114
5120
9715
4789
3511
952
2707
9233
3298
5649
2548
1998
6194
5387
6612
6803
9282
7366
3630
9340
2650
3427
7914
9822
9713
620
4541
8005
4803
2227
1165
3661
9464
243
719
3639
5363
199
7395
2423
29
1282
5738
8047
2959
8559
9752
3949
386
3286
7860
1122
6175
1427
9756
2867
9000
7292
7457
7870
8597
7150
4378
2365
4492
1164
4527
320
4442
1813
9626
5431
2965
5851
7688
9193
9603
7742
100
9016
4570
4615
3731
8622
4593
8229
6855
6484
6900
3944
8319
7219
9649
9817
7655
4707
1241
1724
3869
2079
8672
1486
9202
4352
8553
3030
2505
6800
4300
1132
3668
2138
3430
8385
2178
8976
8948
994
5066
6744
8126
5618
232
9542
2590
5501
3133
3815
1532
6180
5546
8358
5313
1492
1958
1925
3958
2907
2295
5053
2461
2344
164
512
6219
5278
783
8877
3393
7828
5850
7665
8156
1884
2105
6526
4732
9828
5760
2278
4408
4070
2377
9861
2332
805
8958
338
423
1290
2527
8883
2116
3088
4288
6188
7331
6979
4818
4532
9442
9929
1692
8263
2892
257
2627
4825
897
9100
4766
7283
3329
5609
6676
379
5054
1683
1231
5358
541
3374
5167
6895
291
7050
3480
1032
8684
2423
5783
5721
1208
2088
4830
6397
3721
8974
2694
5876
9861
8146
395
1442
8719
1700
6441
9971
1657
7581
2218
170
7028
8198
4270
6084
9381
1455
1808
747
3008
2631
7836
1850
4358
8194
6398
8242
864
7295
612
2552
952
9648
5820
5505
2187
3066
7404
4072
1661
1920
9333
5737
1641
5336
8592
6017
4514
7174
5891
3686
6437
4104
5068
7227
791
3303
6977
218
1264
6094
7249
1288
638
8950
6962
1132
7590
3470
1745
860
8352
3127
9939
5262
7058
5067
9739
7966
9222
3249
3827
2478
323
1981
6286
4634
4542
9186
5218
4322
5292
3672
6303
7321
2447
6364
4575
1192
73
3014
825
669
9497
8718
1227
7512
907
1451
5198
420
8010
9040
7739
5030
585
8015
8178
240
2752
6616
4352
7575
9996
6452
2545
9530
3207
2059
2366
7753
9457
2709
1527
4927
719
1452
937
4405
2835
8033
8756
4286
2840
1552
9972
2775
8707
5543
7570
7223
452
3680
1316
4308
3558
1909
2583
6537
6319
6128
881
1895
2498
3546
125
729
7016
3636
5416
6659
7156
7174
6906
4124
3133
67
8540
1296
7170
6635
8883
9693
7866
8349
1314
6884
8118
4526
9933
195
647
4654
2368
1563
9243
6025
4620
6230
7337
8507
6354
5889
1214
2295
9824
3968
3391
4835
9373
7897
1658
4636
437
826
746
6089
6059
7417
6721
5629
3201
5042
8364
9847
4768
9676
6682
5099
2425
582
1929
9256
8063
5852
5928
1549
4531
5080
9852
4987
4742
3514
5994
9574
8864
1092
1579
6247
8572
594
5393
1055
1787
1096
1983
1732
7589
4360
8567
6028
2958
1062
7483
3904
1910
2665
6783
9326
8100
4449
3349
3333
886
3435
8267
1384
2710
7639
3892
6749
966
1653
2668
4190
6040
656
8810
1270
5763
7367
3766
485
4670
72
7245
8942
8986
9285
2875
1055
4104
2264
2287
385
5099
3272
703
6998
8894
9215
4448
8318
2065
8652
2393
8094
9886
1410
2534
73
530
8518
7490
7874
7109
8683
6527
4741
7228
6414
9676
6070
2595
2937
9172
1187
4703
2611
612
6100
2594
1233
2266
5523
692
7359
7640
7252
3613
7458
7145
4939
4784
7967
9345
5421
8614
7866
2986
9659
8980
1303
8500
5304
1693
3187
2940
2670
6326
9652
2578
659
8106
9218
2654
3731
6819
5686
6557
3345
1149
9732
5601
5947
4774
1994
5059
538
5471
3846
7219
4407
9664
8
2740
4048
1891
1890
4664
4420
1949
5255
1760
7303
6974
1733
513
7342
1004
5093
1516
1784
9924
9827
5619
8115
6402
1961
1577
243
4423
5736
872
1114
1581
6612
1005
9147
4096
8434
5201
1838
2436
3557
184
1131
1012
6403
5019
3500
4102
9791
4233
4383
2625
1829
5551
1042
9770
8184
9189
7496
1505
1069
458
923
8292
9482
8817
5182
6047
5886
3096
3070
2616
6051
5184
8418
1644
4909
5653
133
4572
5935
777
7586
5658
1243
983
287
3927
6980
5512
9935
6907
9005
6012
8844
5598
179
854
687
9571
7339
6014
3056
8690
4298
6860
8946
3669
1015
5649
9642
4320
4205
3442
7320
9027
2470
4141
7551
1920
22
7214
2929
3931
9600
827
5755
7978
2113
9876
2015
8232
6081
1738
4930
1763
3734
8217
7427
446
9703
7968
9318
5365
9905
2734
7885
2266
4468
1006
5514
2212
7169
1726
5877
6372
443
2268
6740
1096
7398
3202
3795
8685
6650
5521
438
1338
7954
9665
6501
9624
9211
2401
255
158
7161
5229
9744
931
7929
3538
8768
9643
8075
1808
539
3781
5907
7831
5874
5502
2821
803
540
5019
8036
8898
4929
7818
783
61
8119
145
617
7470
5708
1294
6362
3021
3529
1544
6530
4792
4973
6362
6470
4988
82
8486
4123
7045
6154
8609
3394
9378
4806
8125
1497
6107
5017
770
5198
5253
2351
3160
7
493
9884
3112
1851
8472
7460
9058
4829
7303
7290
5849
6187
5367
7504
6581
8005
4879
9319
6069
6758
4589
3076
9473
829
9358
7529
7972
5273
6941
5865
4603
7227
6637
8015
7919
8730
2368
5190
6675
3326
4456
4966
6198
5134
8005
1098
5390
951
9777
7281
940
8909
9688
6540
3916
2313
7688
3801
1927
1468
2765
4611
6030
5304
9072
9485
2540
3592
4119
5139
9884
6460
8705
8382
5546
5646
2793
7217
7795
2332
6245
4951
4033
323
2601
5173
7939
9702
5527
3132
6643
221
9797
9771
1023
8288
2241
5946
5693
27
5063
5589
9377
8010
2702
6066
4743
4576
3330
8596
6543
8296
9645
549
6023
637
8817
7430
6104
3375
7452
4767
6572
6822
5475
1713
9076
9210
5129
4117
516
9835
1185
6656
1202
3283
9787
5659
1081
3437
7743
7729
4706
2339
1955
2340
8653
9446
6467
4297
4790
2513
6304
8793
5312
1369
6683
6945
9819
1204
4828
3741
7842
9579
8
5186
8050
2950
8176
4473
7972
7863
9593
5367
9746
6035
72
7483
8778
19
8700
1550
8820
9164
1791
1931
961
5298
266
2472
9165
9625
89
3394
9463
4954
2335
3846
188
9279
1044
3966
6440
156
2637
3598
2815
7559
8501
6268
6402
8486
4811
42
7447
8548
8318
6088
3885
8959
3461
1094
5255
6154
7752
8600
3250
5756
9047
8962
1060
8228
7067
8559
1538
8819
2149
3164
7793
1427
1943
7653
6275
535
7719
2786
1843
884
7471
22
9148
8684
7488
4160
4683
1420
2136
3940
5290
9194
2281
7661
9111
9436
6203
7090
1718
2022
1163
3096
2228
8874
915
5562
4987
5312
3043
4491
799
9859
346
4885
1381
7403
1833
51
1787
1116
8291
4132
9057
7050
6774
7546
3797
8865
440
9592
8549
4751
2271
7404
5684
791
1988
1150
9133
67
2011
4102
8910
7837
39
1922
4560
4519
5846
4250
7162
1937
9403
4191
8253
7757
8825
3270
7082
5655
4993
1601
2700
5069
1929
4483
5553
5520
8253
1601
4025
2154
1901
307
2346
5396
7528
7973
7105
2921
1538
8276
4136
9987
2910
7637
161
505
9030
7683
2733
8832
8250
1423
7204
7980
1500
4954
9416
2725
6848
2385
8807
8229
1260
7124
5519
9928
648
9795
505
840
2278
992
9122
3269
3758
9835
9726
6299
4578
423
5217
8342
8640
3484
5000
3005
7500
8644
7501
2831
8365
7844
6204
9664
5319
1554
4043
5362
5280
9672
8819
1399
9878
5736
6867
4261
4738
6630
3489
278
4261
3197
6694
9239
8392
9677
4500
8765
5908
8538
2301
669
1915
9500
1428
7214
1395
5232
2987
3910
3462
4413
4462
8368
4426
8215
6559
7731
9136
5464
9880
9045
4172
186
5227
6727
3606
4907
1779
4643
7390
2729
4027
2351
6293
2904
6694
9909
5271
72
3698
323
6261
1689
7604
2135
4109
6504
730
2399
2520
6913
2237
1157
4537
8038
2452
7407
6443
1918
2889
1109
5183
7877
8949
30
811
1593
4152
1880
4065
2354
9064
1122
1905
7127
368
9731
4857
7820
2598
4723
8885
1661
7565
9168
8605
626
5156
6691
2063
2133
8034
1150
7408
5589
1994
4118
4345
1249
7699
9457
2618
2322
8413
3519
5344
5078
4383
6355
5348
3638
8487
1256
3944
2870
3171
5902
5426
6338
5299
6462
2817
8489
429
4479
4189
5737
4197
9824
571
5975
5214
692
2195
5731
2257
476
4220
2884
6301
496
7995
4058
4917
9757
8574
9759
5508
8102
4834
6707
6001
6418
5141
1802
8744
2009
4702
1731
7937
6792
962
5697
1189
7092
6566
2308
8273
2868
4586
1374
2293
7047
5006
9759
8158
8683
2585
3655
1737
6836
7139
7162
9754
9925
4865
7331
1795
8939
3094
5822
5005
3768
9846
2497
3000
7976
2845
3038
174
8895
6105
2753
170
252
8631
1558
3988
880
7227
2455
9855
5239
2300
5295
104
9815
402
627
4125
4819
1437
4107
339
2448
9414
8767
5604
7836
7546
4061
9626
1310
5770
7959
9644
4146
2546
7049
1702
2012
2469
1746
3813
8489
9413
1307
2987
2471
1289
8422
7566
481
6673
9320
2687
2098
5355
4487
7374
9985
7881
9849
4460
7896
9054
7322
660
877
2295
8059
9877
4824
6684
5011
1082
1745
692
5240
6581
1740
3772
8484
4110
6270
5667
4559
8581
1259
9828
2811
4733
5627
7881
8540
4804
8832
8812
882
5103
1098
2386
7234
8403
7737
6648
9761
577
4125
8935
4216
7023
66
7167
6141
7885
3550
6566
3425
1086
4673
8894
17
456
1867
2296
7275
942
9380
4337
9710
8720
9521
9794
6823
175
2077
363
2568
570
7514
9683
9527
2703
253
2050
3141
7746
4331
6741
4400
5962
1000
5896
8992
2401
1968
3889
7281
8205
5962
5856
4840
8403
7954
7402
6912
7246
9887
8847
582
8809
4113
9105
5308
8038
3630
1843
7247
328
4294
7838
8769
1725
109
6362
1474
4948
8756
4831
6196
4633
8742
7681
940
2735
96
7679
6302
5094
1098
5055
9787
1673
7484
8289
2568
7533
87
2358
5631
4974
891
4882
888
5788
5182
1578
9877
6157
2273
5700
3453
3661
7471
2708
2818
962
3516
3311
8962
3342
8061
4244
1369
7258
5878
5376
1461
6423
6915
9911
6926
3739
8177
7376
5795
2681
4386
3420
644
5131
7798
7008
3065
2359
529
5309
9936
6998
5009
2796
399
8518
1631
6944
9611
6239
7045
2621
9988
4811
7870
1907
6783
5612
4496
5707
9444
2320
4463
2210
5463
9458
8431
3645
8521
2736
6046
4277
9026
6602
3424
8701
5173
8863
245
4701
841
4422
8385
9186
7175
3064
2681
7708
6220
5016
1676
6997
2740
9129
1298
1699
9891
4263
5827
7265
5856
4297
2680
5870
7332
3064
6675
6533
1810
9706
9459
4191
2055
5737
5404
420
3105
2312
871
2418
4277
6315
2336
230
3229
480
9826
8627
546
6475
8051
1987
8626
1180
9543
7909
6515
1637
256
4261
2689
5459
2463
4438
5629
4000
6336
456
2442
1798
3651
1922
8425
1605
6102
9652
5364
3519
9049
1204
3112
3227
4807
8171
2848
637
5624
3760
2824
937
1400
2708
1208
8105
2293
3734
493
2374
6668
9264
2755
1980
2716
3684
6348
9633
9555
1362
5019
5427
1368
1247
4603
4260
5984
2326
6220
658
3451
9849
9783
4004
779
8416
939
6667
5830
5399
1178
3162
208
9449
7333
9934
1109
5901
2441
4852
6695
1083
5491
5906
4779
6415
8195
3320
6486
2111
2071
8901
8338
5596
7904
4095
4783
8905
4232
3959
206
8266
7846
8625
3340
9633
7921
957
7404
8323
1796
2974
7911
898
9434
7163
9406
229
9513
4560
2256
7209
9227
3787
7152
3253
6292
2623
7665
5899
2774
1025
9011
1139
3393
4304
1022
5090
4155
883
9276
7997
4272
1347
3453
6774
9802
2586
5280
4195
6144
3130
4721
9119
5380
9420
6358
8414
576
3783
7951
8236
1089
6733
7082
9423
8988
4704
4444
7068
7385
8777
5363
8463
1422
4177
558
3379
5130
3080
8914
1515
6172
7793
1510
8594
1903
7546
5193
3092
341
5285
6667
9406
8536
9450
1733
2442
974
6171
1715
5972
9955
4077
4048
5020
5455
7552
309
3127
2954
8118
2828
8629
447
5588
2077
8121
9026
8455
6753
718
2562
3896
8856
6409
6024
4534
151
7301
2816
9496
6643
1849
2982
4418
3256
3656
6437
547
687
6440
4902
2629
900
9082
9163
4901
7150
1147
5623
6634
7388
3806
1039
8694
189
4936
4201
730
9362
6309
2652
6143
3200
6269
3002
8269
8380
3363
7897
9471
2866
9510
1632
2763
938
3064
3976
2872
8235
6740
3696
1674
4154
5222
7242
1117
1843
4457
7882
7123
4457
4476
502
8634
9383
4205
8530
7858
9103
4548
673
7855
2893
9797
6011
8583
1661
6471
1788
8300
9203
1083
7863
4664
23
5765
5970
7435
5318
4577
1009
4297
2216
5893
3437
1103
2397
5085
2577
6172
6791
9668
6935
2724
6282
929
1459
3284
8136
1264
8892
8242
5696
6431
3902
2187
5593
9299
2753
2772
6649
6257
7243
4518
7533
4663
9208
5227
4705
5584
5474
6614
4099
5218
872
5748
5603
3557
3391
5413
309
2274
2061
3909
3681
1131
3042
4413
1127
6401
9644
8014
6504
9935
758
4750
6912
6452
2745
3462
314
3619
3732
1647
4335
4158
6266
2850
5473
9113
944
2108
219
5831
5258
8194
4562
5604
7854
8638
7175
8369
7096
4911
4960
9867
7773
5913
3377
4688
8473
8472
6429
6694
6535
3444
476
9916
9075
7671
8077
1947
4976
9394
7958
5396
4433
1190
2583
3888
3105
6399
6274
9427
8118
6355
301
1347
2559
4510
9646
3654
6445
8211
9411
4781
5464
2183
1248
7213
3004
2006
1109
7837
2293
2432
5085
7332
6903
9534
9874
2166
3568
687
272
4137
2982
1356
3738
6801
7199
7398
4090
908
3897
120
6289
8727
7726
4922
2220
6977
5338
4377
2985
5024
4537
3085
225
7528
6071
3634
6010
9976
1161
4925
9590
2282
9463
5216
9123
2064
8965
9385
9913
440
4082
8016
195
7374
2361
7647
4100
5766
3870
2744
6911
7948
8377
4350
6718
2799
4391
4198
1079
7164
5564
3787
1901
4125
2956
6763
6804
9378
6923
1244
7422
1932
5966
6817
7071
6629
3729
1825
2112
5559
2184
2800
871
9371
9805
2657
1629
7611
2234
5565
5535
4477
228
4616
6734
5958
7953
11
2542
7314
8209
7876
9750
1799
9256
5493
4221
7964
2858
8469
6252
5844
9795
7959
4971
7994
6451
1746
8464
4418
6782
1918
6327
1162
7434
752
1236
3324
345
9739
9967
2300
368
8556
1382
3267
6850
2171
1240
9136
7028
9722
3691
8235
4494
4178
1216
1939
8770
4653
3336
580
8671
4074
7057
7812
8771
1111
9664
1078
121
2555
6260
3474
9171
9253
8495
282
1864
3478
1803
5493
8697
2360
8235
3460
2259
5580
52
9376
363
7575
2034
2865
349
9141
4664
5931
8884
4544
4914
2496
3361
6159
8236
4874
725
1815
6511
1012
6622
4479
6569
3763
762
7964
639
2383
6976
9162
8558
9581
2246
1323
7999
1801
4520
2892
3544
7293
5013
9374
9610
2168
1967
469
9190
369
1885
4738
3600
340
5089
8058
6521
4875
745
9082
388
7709
1907
8764
8946
4494
7267
606
3043
2958
5971
1754
7406
9716
7625
4274
2246
6872
6795
9060
16
5947
4272
5590
411
6302
1840
3955
5285
6968
8960
5775
8242
232
3112
4008
821
2503
9585
4540
5078
7636
8522
7003
9852
2837
3473
1898
3852
9153
8827
4317
8218
8052
1318
560
6086
5381
4598
5460
6382
3056
4936
7222
3795
1980
7926
964
3935
5459
1688
867
4821
3761
304
6473
3852
3763
3172
9619
7947
6610
6227
4898
2324
9871
6566
5972
1227
7610
285
4841
4836
8375
5871
7526
8418
5431
9058
7613
7140
527
5026
4693
7450
2606
1995
3664
4620
5993
2992
5370
9190
9750
2502
5722
2797
6889
566
1180
7120
2956
3720
7036
3065
1110
6971
5625
3057
6739
7616
7883
2036
6998
3559
5205
5130
7685
3652
4382
2965
3884
3520
9172
6420
5788
1321
7980
9064
3856
3161
7685
7608
1874
5297
6776
7991
2918
5601
3040
8611
3022
379
3836
1525
8869
4482
3216
9182
9114
7125
8985
8156
664
1341
611
2470
2061
6952
7129
856
4274
8075
4528
8878
5233
313
8720
1111
6170
3843
7733
6898
1965
8848
7759
6338
7545
8373
3040
2363
9562
17
4573
6222
3588
8511
4287
4406
4630
4223
6713
5717
7477
5432
3872
9644
2459
9411
1360
3458
5134
549
7407
2957
9301
7174
1752
5792
2230
8519
2077
134
4306
816
3593
3965
6345
9369
322
9332
6904
5758
1671
5139
6293
9235
8108
557
6984
9940
3078
158
5439
8860
1273
9780
4936
2504
2947
6335
6711
8603
8213
4011
1832
60
7963
9027
5015
3495
9561
5797
3948
9553
4576
9847
8155
6217
5622
1806
2005
2014
8676
2174
4618
5642
3228
7411
5640
6592
6579
5717
7441
9475
8715
8238
7459
7470
5980
6693
6414
131
7928
5268
2441
652
2771
1083
4430
6666
5729
5665
971
6977
9354
5326
3973
2588
4515
4193
8581
1841
401
5736
7914
1763
1243
849
2774
3218
3548
505
341
5954
7819
5111
2837
1226
9003
6208
912
7574
1422
745
9700
8193
2133
4787
7165
401
665
1150
2814
1612
494
6456
6224
6531
964
3133
8993
6509
572
9494
8465
7257
6001
4206
6669
1477
4924
532
2003
425
4028
4564
8385
1753
2173
5329
9933
7203
9238
3534
1649
5210
2560
7941
4293
4491
6263
1556
357
3599
7461
7841
117
9643
7515
1173
6446
6559
1102
2178
5950
8737
1143
8354
1889
9235
81
4808
2937
9422
4171
3074
6679
819
5465
90
6700
1792
2312
325
1614
4512
9907
7217
7896
5716
5280
6867
4301
7036
9651
1710
3992
3723
1105
4405
9716
3884
4824
3556
4013
8787
9947
2624
5603
7682
7379
4599
7714
7860
5014
1961
7774
2317
5788
8097
3370
4763
5577
3486
8963
4957
7042
3860
3017
788
9931
5285
3037
9369
3826
3561
6293
1892
3243
3645
7849
8559
38
9070
4213
113
3538
5248
9980
1046
7288
917
9324
5791
8973
8515
5859
6483
9693
2234
9618
4516
8510
3286
5565
1234
5620
4784
3607
238
7159
9990
2967
6797
1342
2242
6339
2975
5617
3478
2734
2336
3785
156
9362
1429
2607
8983
9521
7884
3297
4618
5083
6379
7113
495
708
4160
9685
9470
9783
6570
5670
4467
420
2387
1209
1067
1504
2315
5220
5625
749
41
405
8723
6262
8820
7191
5338
4893
5528
5501
105
5189
174
5498
3783
9503
6643
2231
9143
4380
5096
3541
5630
5382
5712
4730
26
798
1782
8185
3563
3443
1722
5332
76
913
6791
9586
4543
6523
1059
4889
4003
6118
7221
2822
4410
1849
6051
7797
8972
3784
2685
8021
7645
2438
7760
6392
2704
8001
6721
2102
4151
31
8901
7399
8366
7111
747
1465
9629
2214
762
4302
7759
8778
8473
3847
7911
7327
6610
8594
5407
4513
993
6053
1873
9161
7247
2441
2884
7232
7468
5856
9115
855
7309
4190
1068
3957
3749
8485
1190
6253
594
5182
367
2714
5157
131
6718
5379
6311
3543
8120
7877
584
6302
8570
5170
9396
3881
9928
492
6828
4693
5676
5164
8570
7360
1381
9467
2160
2569
5746
1168
5633
9278
665
5877
9842
5187
8446
123
6886
2968
6649
9708
361
6565
3716
7321
3817
3165
9546
3245
6767
6080
8859
4746
2071
2578
3306
3411
7871
303
2663
3491
1532
2969
7462
6395
6649
3723
8308
2702
3889
1752
7709
9453
4625
3080
5211
7065
9682
892
892
7072
8264
3749
7201
377
3994
4770
7388
2531
7174
7557
8510
1160
3587
496
7846
183
8211
4252
7715
8322
392
5644
7159
7873
1238
3482
2512
8870
1162
8287
7403
543
4321
2532
3077
9287
5582
3922
5043
3265
9932
718
7235
1378
1459
7977
7322
9705
338
9850
452
2141
49
5049
6022
4846
2270
5533
4461
7652
8476
2644
3563
7665
5302
5335
7669
6393
6974
5173
7995
6495
5437
2191
480
707
3792
5307
9365
772
3181
8228
3059
3857
3239
2871
2618
5348
5646
9709
773
2842
5376
2923
6437
917
3506
5750
9665
5817
9477
1934
2241
2069
4532
3917
2767
2885
2277
6959
2284
7398
3866
5114
3251
5129
8372
1219
1863
3158
6388
3457
5646
6856
3769
6355
2951
5397
1053
8626
694
3706
3045
3805
414
4524
8066
272
3646
2500
9032
1307
1708
9017
5410
4300
7316
6472
3320
2808
7693
7235
3601
4383
8459
1633
6058
7579
1533
9595
5747
7372
3453
2698
5688
1702
7301
3677
1639
4171
9209
2444
14
9914
1523
9613
4251
2477
4087
2518
8047
5242
7182
4988
725
9983
8027
5939
3156
7635
7197
6821
1679
3532
9568
465
9341
1913
46
8278
6851
828
7613
5314
2593
6213
7064
3379
8961
4673
5673
8033
9003
3769
396
5724
1555
592
5339
7813
9060
5481
1743
5547
7578
3089
9710
560
1567
2100
2658
5538
1986
5578
1381
9659
3350
887
8026
6640
2085
5943
850
3110
6557
9311
5059
7754
6671
9220
3522
8901
182
8
1584
7382
6541
205
2930
8269
3861
7357
4454
86
8282
6280
4235
8015
8408
7139
1051
172
3463
9308
8089
9115
3971
8324
7959
6645
1490
3816
6983
3658
540
2785
3787
127
5023
3642
5247
6519
1871
709
2317
4100
8343
4316
808
1251
2915
9508
2409
9222
9581
2708
2731
8653
3413
4983
9884
2918
3344
9806
1571
9536
5213
3164
5854
8640
8448
6290
4999
9506
6268
1585
6383
3956
7218
950
208
3170
8161
9865
2124
1355
839
4115
3169
1131
660
8276
3183
7834
4186
1515
5894
1373
1401
7159
479
3598
8885
808
6189
8169
7363
8148
7799
9041
3519
3033
3513
2357
9763
5791
279
3581
5723
4200
3298
1695
9911
5976
5087
7059
6945
1
1582
1909
4291
7324
9548
2758
7683
1799
4597
8894
4373
3667
4862
5235
1703
2265
2637
5335
4089
8263
3910
6646
7029
838
17
6918
7757
861
4045
8781
3096
4890
4504
4605
7808
8586
4129
533
2307
9347
8330
1690
2244
5027
1325
3601
8778
4102
7923
8093
5561
3032
7550
3379
3452
4695
2855
517
1023
2079
5071
4604
2585
4810
5912
2542
5309
3838
3550
1222
8903
3227
5988
8095
3055
292
5248
5839
1030
8375
9479
5814
4724
7679
4403
5012
9134
6986
828
7869
3607
4541
2768
8620
5001
7572
6714
7671
7165
385
3618
3526
1901
8713
777
3893
3110
6361
7773
8702
5347
402
9230
7647
5078
8999
7280
6861
8147
7247
4123
532
1440
254
9238
496
3574
3261
99
8598
9571
3897
7240
4329
5985
7118
9292
7756
9526
2065
4833
3027
7507
2836
7061
8032
6629
9228
4071
9740
8339
224
8669
2832
1738
1191
2095
1695
9982
5078
5364
2573
3171
3998
6738
7888
8024
9588
8785
3450
6068
8925
556
6984
701
1315
110
7440
8775
1294
6124
1804
5361
3730
561
9911
4613
6753
9973
2803
4430
1218
6298
8770
9024
8495
6533
2417
8127
2433
4165
8441
7077
5021
3974
1975
752
8113
4876
2594
9780
9362
6638
6436
7615
4134
2839
6474
7108
7259
9785
6942
2213
3491
3037
3343
2709
4199
3938
1468
8833
2764
3389
1392
6435
9414
3910
6545
5799
8833
9781
9320
8462
6659
4820
3129
901
2169
300
2344
7777
9994
1571
9105
9732
4601
1623
589
6095
3367
1427
1961
7159
6160
9127
3949
3675
9015
3950
5315
4944
1278
3006
4891
4089
8167
4002
4954
2395
7721
4327
8036
956
2470
936
6177
765
6512
355
650
6376
997
6286
7145
35
4076
9774
1759
7972
415
5075
9137
2179
2980
107
6176
7655
5887
5316
3513
907
633
9849
5528
8411
6033
7397
6705
9359
5194
7878
5330
3997
1142
2852
5778
653
606
29
8569
5313
6876
6640
2312
1191
4355
3168
1513
4432
4586
7836
6202
3886
7605
8339
7432
1382
1748
1146
4190
2865
3927
8851
8182
4040
6286
8296
1122
2780
5602
3197
9487
4864
3759
3150
7696
1940
9426
5860
1154
316
8554
9612
5875
1406
7469
6688
2346
3210
6593
2013
7163
1486
9212
8347
1979
4166
1908
5598
7773
3074
4673
1934
7744
9529
229
2139
9055
3179
5221
8302
1162
2504
7974
7562
568
277
8927
7345
2343
9562
6683
3509
3728
1795
6424
6117
3517
3889
7051
4756
4357
6148
2263
7801
739
2437
2653
5783
8828
6552
4269
4609
7023
5616
2169
3535
6066
2947
172
265
6682
99
3242
1468
8582
7565
2394
4595
5673
1834
2862
7618
2333
8038
9641
924
6665
157
7019
7993
26
6109
3572
7148
5023
9998
52
8814
763
4134
7151
9039
1702
8421
5003
263
9382
7435
3294
1744
864
3782
5248
8791
3013
2224
524
1699
6581
4775
1731
1295
8562
4035
7073
6304
738
6636
405
4249
1695
4509
6564
4569
8915
8975
3861
6463
7284
8873
6016
9585
340
8480
5216
3560
3811
521
1506
7135
5237
7386
7381
5161
888
2829
366
7173
5796
260
5118
1975
9003
3243
6636
363
6965
2902
5038
6807
6488
7218
6842
6844
4333
576
3467
9769
9761
6892
1986
1833
9321
9687
7171
6900
1373
6500
6908
3924
9254
111
8938
5302
299
4627
2123
2305
3123
4021
8248
734
865
499
4655
3394
3412
9668
138
1525
2723
7832
9372
3199
4205
2753
3415
1080
6047
4337
1980
4980
4691
5234
5563
1726
9334
1812
4848
2427
8174
1390
2566
2345
9957
8275
1451
7343
8024
1809
5384
6760
8287
8532
5830
507
4135
3867
754
9429
1826
4318
6326
9906
167
9892
9224
1235
8985
7704
5951
3652
7234
7053
4318
1424
8228
9902
926
4453
8279
5191
41
3939
6121
4775
6910
9499
298
410
2347
8073
2452
5669
5454
5883
3803
9712
4658
9305
1673
2692
3839
9194
3594
1127
7246
972
6967
4871
5541
7515
1938
9840
538
3387
8411
9218
4081
884
6024
7699
6798
8823
3907
883
856
8894
5543
5397
9898
9804
8644
5779
9153
4073
9797
7669
5941
5247
9238
665
2559
9425
2108
4295
3873
5288
2526
3844
2789
8645
2455
4008
4984
1099
7828
2480
8494
4146
9461
9088
952
1798
9951
1758
5378
9540
9494
7049
144
9812
7393
3415
9171
9805
6116
5332
6430
2594
8778
1899
2190
4599
1608
554
8826
2395
3789
8799
3893
4158
6208
5844
1700
2983
7204
7989
362
2322
8837
8514
6655
6928
6611
7133
9689
2627
9948
7717
8136
9648
6479
8502
9141
8987
8267
8013
121
1027
4676
6571
1637
9926
5698
2521
7814
894
6944
6644
5914
4587
6548
2321
5666
2134
6030
1229
232
7040
6789
5041
2895
402
3098
9864
4118
1427
3568
7588
9746
3362
3974
4716
1718
4964
1021
2051
8388
1510
9516
8520
1833
1654
3341
491
1391
3463
6770
8106
581
332
2831
1881
9023
9374
6204
4770
9048
552
5726
4599
8141
5298
195
7853
3216
2526
472
267
3447
4481
3095
6861
8961
27
286
6754
487
4398
3386
391
6447
6449
8225
9694
2275
2774
7989
5426
7556
329
1255
3792
7276
9198
7283
6530
6079
6945
4255
5859
2872
6282
6283
3561
8414
3100
6961
5695
2100
7354
2428
6880
2478
9425
8528
706
4178
1090
6147
663
2855
1530
3238
364
6622
9195
1320
277
2342
779
4498
4507
1764
3347
8022
8363
4346
8553
7542
5446
4622
7417
8204
7710
4913
8755
4553
9932
9914
75
6102
3847
5871
9258
3616
8122
2640
2299
8240
6374
6334
6102
9233
5135
5612
753
8099
682
9472
1892
8764
9370
2360
6661
9529
1892
185
3869
1055
5522
8524
6990
7162
2593
8849
3242
5882
3015
1192
7892
8307
2262
2559
3764
5484
9385
6354
4341
2774
7457
9708
2065
2340
8972
8919
4224
6454
7508
8809
8731
4854
1108
4575
9590
7962
6712
2185
5091
7372
4011
4348
2432
3773
3153
5404
8179
7418
2073
5248
2895
9153
9411
4631
3219
8376
4622
8980
3991
4497
2779
1769
4149
4267
8356
6460
2123
7425
2365
4318
4016
694
1755
7922
4508
204
1893
2110
7917
5529
192
8936
4247
2536
6769
4818
8785
9495
114
9198
1320
4900
4756
2470
8455
4710
7381
1401
7165
7631
3547
9920
847
6960
6716
8077
1484
7113
5251
3812
314
2670
7653
8582
3249
1240
4481
9618
2315
6746
4670
9433
7753
303
4185
3351
3715
6313
3472
4404
9394
2484
2795
4218
647
346
8746
6652
6474
7480
8933
2606
5474
434
6055
3125
5315
621
4902
5453
5160
324
7762
7127
2084
8852
5646
5803
1575
1496
8130
4578
8107
8998
2383
5012
551
9759
6928
706
4532
4888
4910
7613
7827
1598
8014
2888
5151
173
5705
456
6066
6271
9098
3350
2630
2377
7258
1854
6762
3392
5625
1562
8766
5910
1884
936
1777
7683
3340
1614
5378
9954
1827
1426
1320
2423
2319
3799
6934
610
2292
9755
9029
9599
7243
3511
6971
6980
6363
6623
8809
6910
6934
5082
4374
9320
5391
377
5185
2823
9803
1003
4004
7855
777
4083
5936
5095
9174
6489
540
2058
1340
6946
9273
5889
5151
3499
1097
4393
6114
4236
1404
8005
5146
431
2055
9217
6420
7466
2078
5510
4567
2651
1071
1318
3180
4719
6352
9345
4008
9786
779
6235
9990
3068
1285
6541
8589
8550
7955
6521
6327
9987
4677
9291
36
1599
2392
6348
4211
8645
9555
7427
1563
7110
8582
1112
8719
4974
5761
9463
9518
2024
4293
220
1747
2658
8338
8520
8868
2292
8724
9987
4388
1081
7960
4455
7295
7205
4478
8275
8283
6754
2419
7112
3220
9073
4400
5263
3408
9876
7708
3032
5532
1963
5402
4462
9520
7345
5993
605
8491
664
8625
3011
9822
4630
4136
4540
7869
6071
8957
3656
8203
9995
2906
8112
2501
4654
7208
5590
2116
3081
5059
5747
398
5461
9192
3294
7910
5031
8222
8988
5934
1823
1648
7682
5002
6065
605
6977
5572
1938
5714
5470
2764
7617
456
3250
9124
7875
1360
5149
4229
100
7656
2602
8673
5711
9287
313
1362
7894
5083
3722
9265
6402
5661
8980
1341
189
5496
5884
8040
7098
2863
3445
2887
9925
400
2833
9233
2893
2768
4977
2545
7194
6597
1827
8560
9077
728
6722
2206
2089
7882
7718
1402
7933
6002
6915
5396
3097
8268
1524
4814
5314
7333
6312
6628
5104
2999
1497
230
5060
52
6482
2789
1269
1542
7136
5912
7346
8276
2505
6306
5533
1802
8692
8612
4044
9297
3770
628
5612
7081
5874
2667
7486
7074
5812
7531
9926
1130
9517
5731
6105
9839
1381
1583
8486
1810
6393
5579
8939
6538
4867
289
8449
5468
9494
5288
5910
4377
4419
5360
9458
8816
8739
4137
4406
8721
890
2273
622
5301
1533
9427
997
1504
5639
1567
9998
6551
7458
5941
6654
9295
2207
9399
5404
9745
9401
6334
7056
2605
2973
8465
6403
4117
957
6635
9201
5661
9347
2691
5792
2152
1321
4322
7668
2811
5000
7203
1540
1371
8249
1323
533
240
1956
160
5409
9984
9193
44
8041
4198
1483
4887
4129
1855
4593
3484
8513
6765
8291
4200
7993
4416
6465
5579
3749
940
1698
2689
5467
8288
3965
555
4620
7070
1835
8224
2232
5872
690
2002
8185
9343
8247
1295
2297
3923
8760
5723
8877
1146
6672
7828
8514
2591
1681
6027
4498
2839
5828
9530
9518
8517
341
8835
4899
8517
5198
8620
9798
5575
2301
8621
165
7985
5227
4919
7601
6665
1763
7512
9888
2236
6990
6661
2217
61
5847
9316
6875
5426
6894
1935
6616
8788
6816
5972
5607
9157
4677
4360
8643
3651
5045
2885
9313
7575
4124