52
53
54
55
56
57
58
59
60
63
66
67
68
69
70
71
72
73
75
76
77
79
80
81
82
83
84
85
86
87
88
89
91
92
93
94
95
96
97
98
99
100
101
102
103
104
106
107
108
109
110
111
112
113
115
116
117
118
120
121
122
124
125
126
127
128
129
130
132
133
134
135
136
137
139
140
141
142
143
144
145
146
148
149
150
151
152
154
155
156
157
158
159
160
161
162
163
165
166
167
168
170
172
173
174
175
176
177
178
179
180
181
182
183
184
186
187
188
189
191
192
193
195
196
198
199
200
201
202
203
204
205
206
207
208
209
210
211
212
213
214
215
216
218
220
221
222
223
224
225
226
227
228
229
230
231
232
233
234
235
236
237
238
239
240
241
242
243
244
245
246
249
250
251
254
255
256
257
262
263
267
269
273
276
279
281
282
283
285
286
292
296
299
301
303
304
312
317
320
321
323
324
325
329
330
333
335
336
337
339
341
342
343
348
350
351
352
353
354
355
356
357
362
365
367
368
369
373
375
378
379
380
381
382
385
388
389
390
392
396
401
402
403
407
411
412
413
414
424
425
426
430
431
434
438
440
443
444
445
446
447
448
450
452
453
456
459
460
461
463
468
469
470
471
472
473
474
477
478
481
484
486
490
491
494
499
502
503
505
508
509
510
511
513
515
516
517
518
519
520
523
524
525
529
530
531
532
533
534
536
540
541
542
543
547
551
554
558
559
565
566
570
574
578
582
583
584
586
587
588
589
590
593
594
597
598
599
602
603
605
607
610
611
612
619
620
621
622
623
624
626
627
629
630
633
637
638
640
642
643
645
648
649
663
673
681
698
700
707
728
742
744
758
759
768
772
798
810
812
820
827
831
850
857
869
871
879
910
928
931
940
947
949
959
965
975
980
988
992
999
1056
1061
1072
1100
1126
1160
1171
1172
1174
1192
1221
1239
1242
1243
1252
1265
1291
1311
1312
1329
1333
1334
1343
1353
1395
1420
1434
1447
1451
1453
1462
1467
1474
1499
1501
1512
1516
1524
1590
1604
1623
1634
1653
1675
1678
1691
1724
1727
1738
1743
1764
1767
1769
1801
1834
1847
1866
1871
1902
1905
1910
1959
1968
1981
1984
1988
1993
2051
2068
2079
2084
2085
2086
2147
2152
2161
2165
2185
2222
2224
2230
2246
2249
2268
2269
2292
2301
2320
2340
2364
2367
2370
2375
2384
2405
2407
2412
2450
2470
2480
2499
2500
2524
2529
2555
2571
2592
2609
2615
2616
2625
2639
2669
2672
2674
2693
2695
2703
2704
2728
2757
2768
2770
2771
2777
2781
2795
2800
2810
2812
2817
2822
2838
2856
2859
2880
2890
2908
2927
2934
2937
2947
2960
2976
3011
3012
3014
3021
3050
3054
3097
3122
3124
3126
3129
3130
3132
3139
3154
3169
3178
3184
3189
3207
3215
3220
3224
3250
3285
3286
3288
3295
3303
3304
3331
3336
3350
3359
3363
3416
3418
3422
3428
3434
3489
3490
3502
3507
3508
3519
3521
3531
3537
3549
3551
3580
3593
3597
3604
3607
3618
3636
3648
3667
3668
3675
3677
3684
3702
3720
3722
3723
3734
3787
3791
3796
3805
3810
3838
3844
3881
3894
3898
3899
3902
3912
3914
3935
3940
3978
3979
3995
3996
4003
4013
4039
4040
4060
4063
4068
4081
4094
