62 800
1380 392
1224 45
969 372
1324 1181
1272 925
1205 405
972 514
1093 1065
1095 444
762 174
374 21
1368 859
979 811
960 452
1435 1026
765 491
1182 273
1016 536
1106 714
1169 287
1059 71
361 191
851 505
1393 4
1355 1152
1067 66
1423 47
612 566
912 266
1226 1174
1123 643
599 566
723 612
433 188
678 3
1255 313
706 157
1129 1098
1158 592
992 604
455 281
1409 376
1046 899
948 141
1048 264
1367 948
750 154
770 320
1198 950
613 142
1155 1017
1349 712
894 473
997 579
902 694
1232 676
1307 1017
1376 1051
898 855
165 78
1084 768
453 424
1296 604
550 110
226 139
1345 248
1334 1159
1207 509
1395 889
1150 290
1257 535
1321 277
357 122
1340 552
601 188
1011 981
321 310
1363 452
801 764
858 546
814 355
1055 354
1415 125
1168 438
1111 912
872 612
834 135
568 42
1074 452
1254 1017
1227 586
524 463
1131 861
1005 30
1189 28
472 397
459 67
923 412
311 178
1161 316
1119 863
1181 271
861 687
957 209
197 116
996 133
1142 105
505 413
1386 421
557 27
826 819
1298 536
473 305
336 93
1427 643
1438 44
466 398
748 244
806 499
852 74
1132 983
885 35
772 158
582 48
1032 310
1289 554
778 751
1010 475
628 604
1213 412
1099 386
323 157
1196 1148
1148 701
844 215
1170 712
325 277
1336 434
1372 422
452 425
815 35
1266 422
909 357
1284 639
574 530
567 29
941 171
499 475
692 462
1094 845
513 72
1057 479
1157 870
687 675
1259 990
1127 154
832 270
1240 203
527 430
711 294
1267 889
141 105
671 349
981 94
1373 103
1382 980
249 72
1347 890
295 194
676 483
1365 1108
92 88
1214 634
1322 628
1211 966
1092 650
865 724
1103 1069
605 164
1044 190
663 242
1392 426
1064 389
1389 319
1017 118
1430 834
1282 342
1283 333
1066 839
777 409
1265 450
930 557
733 248
1429 118
383 354
700 151
1050 797
495 231
1063 192
592 524
1039 319
1147 253
464 194
1338 744
536 184
1422 1412
1126 909
673 605
928 824
217 87
1402 216
1130 452
1025 789
808 220
159 145
1068 409
925 681
530 163
1108 797
1154 47
980 819
1370 976
403 228
1089 652
1286 816
792 179
846 747
641 387
1072 158
1001 478
927 793
1219 459
448 201
1281 936
1090 99
1002 994
1012 298
1014 921
1075 1015
1341 268
875 756
1431 620
1317 477
1124 917
935 418
1271 959
989 842
899 625
666 203
942 135
1031 726
1412 651
862 714
775 218
965 285
637 81
541 509
611 542
1018 108
1304 1246
767 107
877 200
737 137
639 246
1179 733
494 311
1133 5
616 50
871 677
1195 1187
1146 10
1087 309
339 269
414 108
802 312
1091 489
1217 824
1330 269
1397 897
322 268
712 312
994 83
1040 576
1231 927
1061 839
456 57
781 406
1344 280
813 511
1171 873
1225 353
171 30
1401 1106
192 1
1303 1114
13 11
699 645
1202 302
1078 658
281 178
688 503
1261 1015
728 228
1339 1295
396 13
768 18
1045 868
256 13
951 3
716 415
740 361
975 879
1434 1285
504 474
924 582
1248 658
169 150
143 114
585 382
1051 546
724 243
1263 400
961 699
287 171
695 106
1428 1036
1047 605
705 549
1440 965
1187 223
1420 32
829 763
963 792
284 184
173 94
1362 358
1192 432
1369 270
1269 1214
939 619
359 23
681 492
1300 104
966 494
1291 912
538 401
901 424
679 129
1121 322
1294 192
1209 59
1166 769
741 723
1185 513
152 10
603 317
280 124
967 718
680 226
931 827
528 521
344 112
658 446
722 364
232 1
496 22
725 352
707 237
1398 494
122 114
595 111
718 334
913 160
881 105
389 197
1325 1288
1152 45
952 617
1165 583
1312 806
1134 245
955 202
717 146
892 640
1358 472
983 656
189 126
1320 40
784 679
1323 460
1351 114
405 315
586 138
584 219
847 207
1381 215
1439 475
1105 567
268 110
1228 241
703 507
974 226
416 27
638 10
454 14
1313 769
1136 44
519 219
670 569
330 285
1391 1186
308 87
348 323
876 350
1343 382
1353 745
262 18
1352 87
668 182
1249 665
1301 858
822 797
938 679
656 312
404 327
1022 564
1015 391
417 377
214 28
313 52
947 275
467 21
1076 884
154 116
386 372
1252 864
920 914
208 55
1120 8
624 202
998 920
1279 1049
828 549
387 168
976 405
489 252
531 134
789 175
1361 37
732 276
1316 70
1278 638
1403 51
1280 901
1319 69
1151 173
755 679
1173 87
1244 1165
623 552
1080 765
1139 366
635 457
111 103
962 893
1346 973
1180 826
1399 326
1021 519
1432 1175
372 346
1028 799
1311 612
263 160
1310 335
1276 391
1221 1093
816 690
860 160
831 105
1183 77
1083 166
576 389
833 451
919 599
522 424
289 263
736 498
257 79
1384 814
1071 305
799 535
223 7
893 487
327 172
879 785
376 25
246 142
390 283
566 365
418 81
1029 504
1037 1028
381 73
543 439
1216 1165
1009 67
1374 613
1288 856
1109 391
720 541
945 239
757 72
1385 1252
905 272
391 205
444 70
794 553
827 354
812 644
910 443
934 702
351 63
443 257
544 400
1212 940
986 821
1060 1056
350 305
1400 995
563 1
413 32
667 569
16 6
1218 429
1234 1064
917 259
222 30
1243 484
787 73
949 885
1210 417
1419 587
1287 1095
753 242
380 174
1024 410
64 10
1115 64
1062 888
275 243
713 434
79 54
1333 1176
1086 563
1070 1001
1116 395
1408 640
644 325
633 15
1350 774
1082 492
874 376
534 31
918 520
1049 256
338 239
1197 165
1337 81
1366 690
1239 683
1396 309
352 245
258 209
696 444
830 350
857 81
1246 472
932 121
887 560
301 134
1247 589
824 109
216 37
870 658
1177 925
441 381
607 524
490 28
1270 696
1268 1076
535 295
1077 1007
1035 390
503 255
498 256
850 749
537 508
1335 471
575 452
1418 921
1285 587
1053 1035
798 595
859 164
164 121
1043 746
1305 47
933 2
556 222
944 682
1088 548
1404 712
1416 1302
510 264
1383 915
1117 837
1328 413
1160 117
804 320
1329 1115
277 59
1141 781
626 148
1143 640
840 790
1156 463
698 593
442 111
609 345
507 18
1433 1308
848 759
1175 346
652 373
1204 518
774 138
749 724
1359 613
1421 1317
744 738
1178 597
1348 640
650 368
758 549
645 29
1388 124
953 519
1299 1109
312 21
334 333
583 336
1290 914
921 463
1406 349
1326 1156
1410 176
333 305
1371 1191
954 850
959 330
1417 970
835 779
1357 741
675 10
250 174
1042 964
1414 788
922 548
1318 280
1125 796
1027 469
1112 903
501 363
267 224
1250 833
378 363
629 485
1264 653
916 122
882 204
1208 1098
1199 229
968 401
101 10
634 630
1407 878
470 185
788 487
622 407
560 285
937 56
553 440
1236 1041
1200 122
475 343
385 169
780 517
795 298
1144 820
116 28
1223 296
1258 784
551 263
395 230
771 600
109 87
435 396
782 621
1242 799
205 198
1149 83
701 700
606 225
729 255
406 138
185 15
1314 609
554 452
950 616
1387 1374
581 9
596 255
956 842
526 496
440 168
1163 191
636 23
358 231
1193 324
1058 501
279 6
90 85
982 946
1104 341
946 788
751 583
864 588
1159 380
764 553
817 765
446 1
1245 195
735 425
863 56
1036 401
686 527
752 120
310 222
1085 588
199 43
593 545
1292 55
1342 705
738 457
1013 385
1331 407
855 248
761 75
849 542
516 382
1201 46
783 342
754 447
1137 380
206 181
856 322
591 549
1203 159
461 304
1098 581
1191 1055
1295 792
1437 1306
353 123
1251 727
630 451
422 413
447 346
438 103
615 326
896 489
868 753
1030 558
608 210
677 618
514 197
515 35
477 159
1194 1168
1004 837
282 87
689 652
407 291
1256 441
1230 834
423 25
1293 1180
457 236
247 21
