38967
4548
621
10258
4550
17865
4888
363
32563
9327
88999
4009
679
28410
9486
38652
5502
534
45305
3938
42688
1963
713
48464
3502
95876
8985
747
47345
7330
97200
4083
929
41592
4241
31404
399
723
22348
1906
87986
4562
349
21674
410
2418
7926
880
12925
6110
25011
5293
111
17977
3850
93241
9627
313
7548
8751
49810
6064
914
13990
3975
20764
937
929
27869
1706
68380
3222
151
45936
9402
20311
5764
374
13439
7546
26734
1142
149
29597
9142
4050
655
218
37619
1112
74141
5767
131
31169
1787
38515
5158
760
36052
3461
88797
7398
292
28313
2792
90705
3975
157
42654
2381
77224
4510
336
36814
5432
100000
8219
680
47626
1094
99272
9007
717
15171
8413
30383
5750
395
16487
4960
44328
3341
794
7977
3531
79441
6985
183
45718
5946
77846
9607
515
40976
4186
19655
2458
496
48259
9657
84985
6925
181
13097
1374
7136
1551
885
1878
5953
34501
4812
958
810
6500
99613
4290
812
21825
850
37451
2400
923
11498
2637
7437
6777
558
5207
8386
63608
1879
299
21764
6388
81928
8568
340
10773
135
51830
6371
880
26547
9645
7545
3516
891
9977
1172
96883
2498
507
29011
6154
5163
6830
678
1700
2352
10934
4234
894
12565
1871
26844
4538
545
42064
8152
2639
2501
921
18883
2218
54884
6633
576
35014
6713
17839
813
540
2474
6497
53689
7085
210
42530
4644
59923
6319
490
15063
189
81063
2457
136
35183
978
93552
2557
261
35848
7841
40523
5631
890
2554
7344
15954
8085
145
12117
8332
20768
5697
466
30986
1113
10878
2709
325
19110
1279
30823
5318
842
38809
3627
11314
418
232
42889
4451
23733
4557
486
34119
9634
90821
4663
926
28774
9826
52866
356
281
33777
5129
53239
9653
304
45745
4433
2520
4320
845
29186
1869
23128
9920
240
25565
9337
88359
5035
162
29531
2002
8669
5472
496
33119
9834
27099
2120
566
31977
5246
93462
200
675
27984
3010
40210
8374
789
19116
2606
86454
2924
811
11034
1458
10450
9026
335
47030
8638
76044
4049
945
29052
8754
84955
4224
542
1121
9054
95252
1675
619
20741
4282
17147
5605
249
44587
7830
29677
3858
592
10434
591
94233
4349
873
24524
4002
63306
7026
273
13660
7154
67783
5603
271
45659
7762
31154
9584
414
31628
5249
88543
2897
281
21924
4243
84606
5642
355
1970
1834
32461
9244
572
4490
4753
45623
5437
787
17633
1479
44247
9274
156
32116
415
82345
8632
694
27273
9303
2890
4871
666
39595
7371
90045
9641
804
28575
8253
16818
6615
949
24624
7283
57733
4657
674
45547
1273
84292
5679
295
16287
7563
82775
3267
466
6203
6034
73286
9426
492
13134
8451
51616
1669
252
10993
4213
65501
3740
742
20880
8259
9683
3898
495
9228
9973
96638
8850
674
37486
8250
48243
1811
998
37084
3011
28097
4075
632
49318
2353
79005
5552
614
41224
5717
20626
910
836
14035
5913
78908
2338
528
29639
4786
10164
8181
232
2200
7395
46915
3400
826
21330
6042
2094
9933
147
39685
9090
54841
261
588
48746
4754
70524
7660
159
3463
5827
59598
2755
150
16558
9399
62114
5596
831
7186
8080
57734
6890
555
38077
1013
48618
7560
929
9888
8207
80685
1257
155
28205
4790
4105
991
499
19347
5416
89257
9556
728
3859
489
47015
3737
959
12806
6980
24691
128
129
40834
7831
56753
8810
642
47671
2209
56609
1003
86
10163
7130
20994
2189
917
8263
3766
21082
4573
439
45371
7427
70033
4939
82
14641
7844
30954
967
764
29048
605
54867
8380
601
12506
4307
26639
8917
354
36932
2946
63318
5796
96
42263
1427
16289
1698
732
37088
7235
535
6919
34
7460
861
7008
6472
696
7251
6916
65345
6134
421
24950
2338
10450
6711
446
6590
3747
80429
8418
917
36027
9490
28952
742
240
39305
9558
330
7498
592
20601
1860
21148
1520
239
47059
3212
29838
1672
660
17619
5836
37170
3516
899
27426
9441
16677
1394
833
43843
4815
911
306
575
19927
3827
69167
7876
461
16652
6424
29757
354
336
29883
8219
66863
6794
195
45923
1284
90565
5847
684
24098
2521
98787
6192
665
3990
7379
2238
7789
114
37760
6862
47625
7521
492
36814
3351
15341
5086
630
49777
2412
88810
7454
68
18626
2433
98002
8341
559
11911
2193
10097
908
402
347
4566
58457
4095
445
1326
4896
56319
3431
325
11363
8887
98975
4696
994
31612
2881
64917
2639
863
47186
3028
35653
3682
147
25015
5064
764
4763
968
10514
4220
96927
4291
419
12205
9107
55522
1866
295
13417
5465
2646
6333
400
29812
998
12293
5155
106
42609
7216
7944
210
106
8034
9120
243
3969
847
44165
5515
25286
9396
183
42894
7789
54981
931
737
34820
122
72429
7683
179
31229
1845
88326
8684
541
13206
7806
66867
7910
85
23837
7152
69068
3462
85
7168
1499
54576
1661
870
3971
5125
15040
5216
923
39261
960
68552
7931
696
43551
6982
36405
328
278
27664
5266
66691
9218
753
26930
6520
2378
8982
476
17276
4547
62011
4223
606
1057
4504
50795
8931
858
16282
4513
97664
8814
75
15319
7204
13328
4112
822
14749
2738
57075
9970
337
24715
9251
64204
9014
397
13995
7210
42038
2569
431
26384
5220
98233
9946
237
31222
3619
75957
2938
233
22266
7425
12007
4483
639
22916
9397
85333
3789
258
8073
5112
69260
556
395
39309
7918
23703
1783
703
46952
1649
18908
390
632
32685
3488
21737
7177
84
12448
398
48886
5946
839
22971
4224
67602
5986
325
11402
7284
25787
5320
803
47799
9512
42900
5828
207
46713
9409
93104
7422
725
35284
9295
92095
416
273
19947
3725
78390
6126
627
18688
9024
46004
2302
440
29243
1857
5519
8887
415
33073
6145
35881
4648
247
11306
3402
4057
2509
506
31333
4840
3436
7495
301
16091
5099
74972
9083
607
39284
2918
67415
2072
696
34819
543
24093
1605
522
2337
2653
60876
1749
698
35631
1090
49229
6479
400
47088
6446
73439
2213
36
12756
3872
73401
9598
172
25936
7465
1444
4163
987
31001
2120
38757
7259
970
5023
2624
91286
6653
440
30906
5620
54215
895
963
20480
6182
61391
8164
292
47331
9459
28488
6995
869
4621
9433
49557
8654
936
43641
9017
23884
189
643
47267
9918
92565
9480
697
31904
239
31590
8597
579
48999
8930
81575
9118
546
19796
8028
29441
9601
584
43935
2411
69028
8771
199
10738
5003
56367
8411
861
12978
2404
62517
923
235
21927
9550
61839
4471
875
30384
7038
98658
3465
346
45669
4536
94644
6085
888
37552
2124
6544
8358
659
17091
4962
82806
551
232
23487
7555
97632
9106
398
30047
3015
46793
8582
586
21221
2779
29253
4463
908
31367
6008
32082
7388
754
46958
4607
10780
8741
162
3339
7546
37103
5038
770
28057
7620
5576
3035
169
1462
5886
99501
4098
927
32572
1067
17111
9764
956
12084
457
67927
1586
94
13089
2348
63960
4742
932
2206
5078
48744
2696
923
6921
9845
64329
6963
930
18941
9277
21870
3928
176
9539
8026
77580
9672
867
4370
2721
67710
4766
544
49278
261
50481
1627
608
27078
9046
39438
4953
754
1820
7348
80867
2685
511
17387
9229
10020
2863
426
38644
3758
67230
8204
613
41866
5667
76715
3745
838
26296
7112
39787
9732
457
15537
9838
76914
7515
356
34444
1483
60101
8830
736
24444
2885
42712
3393
385
40256
2216
39067
8025
550
28131
4312
34455
2016
108
19983
9499
5481
7226
518
12461
5184
12664
3763
610
9740
5741
45348
5557
957
663
5290
6286
7292
468
9821
5886
36290
3894
620
44853
248
78082
7117
971
39115
1971
54726
4378
354
10090
1085
972
6862
958
25017
7282
72001
9221
752
19779
3237
52821
1066
863
19512
3796
74691
7151
748
8265
5130
71447
9299
171
46800
9024
88558
3880
885
5520
2029
58076
7086
855
41783
5267
11475
369
573
29587
5594
38851
8173
699
36451
4521
30360
8726
984
7009
8885
39260
8772
749
43376
5253
50251
4136
770
1416
2093
50634
2100
560
5707
9741
57179
731
850
10841
1441
91966
8662
433
48106
920
69880
1542
374
5416
9895
96489
7369
362
47815
8919
44179
7304
847
3760
962
51533
4814
843
41721
2988
93448
9858
992
2601
2759
15622
9382
275
31358
5407
20814
1182
903
24621
4151
33642
2348
417
27703
6914
5034
1441
912
8842
7080
69140
4713
107
23946
5285
76580
5559
322
33192
9394
61054
6371
854
23976
2722
80412
1569
214
23259
1276
56689
1244
291
32965
486
52028
4210
48
6449
5080
8348
2454
838
21191
7921
78376
9115
564
42233
4755
43498
2168
354
27411
9700
40928
776
267
43540
6311
66588
1184
686
36083
669
7743
6365
463
14775
9485
55116
885
344
47072
2888
17103
6170
376
33777
8038
83918
1270
656
7494
9902
11440
3821
361
1484
1464
17573
4507
728
19110
1606
40616
8764
440
43789
6800
41415
9971
797
29268
2147
43836
6420
680
46917
5218
27419
8684
382
34039
7091
33636
7361
308
18306
6632
23593
7134
524
30690
6071
50842
7037
892
13404
3830
36045
4937
958
40862
5412
68459
6465
174
30829
6876
37484
8832
241
7159
6566
72543
2937
527
5727
118
96432
6881
656
25364
3441
18198
4047
710
39296
9090
15194
5165
650
40322
9601
45549
8903
42
12544
7567
96587
8870
486
15335
7485
37579
1213
774
33064
347
84529
6471
951
7139
5258
95966
3021
952
4512
4641
78974
6672
49
20565
5957
89741
319
782
4224
2833
1988
3368
858
3473
7486
33904
7846
683
43151
4415
98328
2318
726
32248
5845
1372
8574
669
41249
5609
81926
3153
999
3460
5749
2945
3297
203
38563
1754
33363
9003
39
47057
5580
73338
6108
689
21709
2295
70675
1914
244
25318
6383
59877
5823
524
23627
9468
21874
3765
761
13337
8872
85965
8064
713
38665
9937
56667
7962
728
29981
7939
33732
4420
889
40207
2087
14464
1171
940
14821
4569
56497
8071
764
13220
4073
46542
5412
371
21525
5694
27633
8042
715
28454
5880
12787
773
466
2396
9987
93250
989
355
36277
8159
48315
6115
540
45892
1154
6075
6869
326
35314
6051
74864
1685
290
14901
9562
52814
2169
252
10794
5717
34037
2416
59
27780
1501
75380
1017
105
35005
9000
34569
4420
825
48287
3572
90477
9994
738
45881
3215
69591
3878
955
42779
3046
17686
6472
885
3374
1706
37667
2755
530
18979
8424
25997
3144
683
35522
9264
66739
1680
542
30315
5684
88693
7823
71
44748
646
91374
7866
971
20864
3543
44117
6495
897
30956
5408
62953
4428
110
28629
2582
91122
4921
974
40929
5511
95811
6317
246
47017
3247
35635
9207
915
47642
4499
43183
2759
192
2948
4758
58299
6048
118
22001
6047
49513
267
202
8786
1326
97133
465
618
31571
3463
34753
9519
46
2134
841
43121
222
861
10259
8156
58443
5704
529
16867
3829
11794
7247
282
41859
2060
72041
4954
979
27537
2977
25167
2265
553
2791
7902
58824
6300
814
13854
5308
3354
5058
162
3031
4780
48410
3212
352
3287
2503
20091
7181
365
21740
2566
38448
4846
623
3632
4241
31601
7842
593
1459
9448
9003
1043
605
34394
9875
64913
103
246
38552
8347
23726
3218
648
11083
9742
13255
7534
385
42383
2701
67848
198
189
16533
3574
50717
208
246
15127
6641
38636
2737
928
7190
9494
2458
8730
536
27101
4432
2102
6767
927
41328
3152
89716
2514
304
19343
6258
47259
3119
509
33554
8140
43176
4991
980
9255
5632
92568
5528
794
36080
6915
48172
6509
448
24585
7005
5875
2675
435
45014
5320
97397
6572
404
15284
1651
9601
3836
636
40228
1328
25053
6590
827
848
7733
14732
2823
546
36432
3482
92184
855
67
14177
1672
56657
5166
916
33921
7445
61934
5945
946
18269
4729
57116
9103
145
7948
9182
55602
1589
924
47664
5987
11022
304
634
8350
1875
84349
481
688
41184
8923
56739
7727
66
23088
5588
32198
7880
263
35521
6838
19776
8165
609
2493
7364
68346
1247
869
40686
121
47864
6119
791
6826
3254
83775
7710
367
21213
3156
4788
1073
703
33141
6000
60045
1405
264
5336
1497
78176
3784
739
5396
4770
23288
9889
287
24076
7527
37808
6129
616
19237
6718
91900
404
424
24248
9550
49054
4718
122
547
2965
74388
241
468
30865
9142
84768
7511
669
31138
4446
65644
198
295
47915
7058
25391
6916
334
17731
6838
66811
7223
745
39382
7582
87868
8337
406
32076
6355
82403
3810
324
2452
1567
20675
3435
601
19688
1321
91059
7356
793
16854
2870
13941
8935
557
21150
2235
48998
1958
310
39766
8659
88924
8061
380
46413
2389
13442
8964
966
6750
6621
21407
545
949
19954
4496
96772
5239
127
3566
3279
65894
2746
215
4679
133
16767
6742
626
6624
1192
13202
930
537
38378
5484
61136
3120
531
49353
2152
75618
4590
678
36555
3636
96574
9709
712
10711
5320
25875
4050
896
12458
9263
13540
9271
654
742
9543
51113
7196
59
9869
4418
32555
8514
973
30956
1884
36662
4708
74
13678
3023
75609
357
126
7922
4622
232
7984
542
49121
6396
57191
7900
534
25754
1899
47675
4840
644
35389
976
9288
5739
245
22089
9876
63419
2861
473
41270
3460
22020
7021
382
4421
9092
80256
8487
555
13432
9480
55801
3697
466
14401
5882
84090
7427
877
37643
2584
52959
3669
920
32009
5698
26593
528
843
9071
6526
94407
3242
675
18624
9080
10944
6285
79
22020
6715
65602
7553
679
27038
319
80825
4360
93
31667
1785
61786
2556
961
42336
1977
67229
269
697
39223
4385
29220
8280
653
4484
6757
70754
7722
182
27921
1214
16724
291
41
16195
1018
30769
9126
199
34367
3191
95092
2920
762
47609
7962
85810
1104
253
31330
4825
23602
7327
307
25744
4525
30774
6157
176
27727
1757
55075
578
387
42472
5789
76610
4116
496
23467
3085
84171
6275
555
27081
9236
82834
1381
254
15495
848
99330
5616
144
48190
488
39686
3003
194
24646
4122
64173
4077
949
47575
1519
12996
1050
546
13172
7385
3366
5784
265
43249
5434
63725
559
590
2021
6976
22594
3468
922
23924
7184
21138
3599
835
7570
5124
12939
2487
176
10847
2598
70329
2739
708
47859
4931
15996
3026
495
23535
381
42874
2632
505
23817
2866
24872
5887
364
14931
7700
68794
4770
871
12622
9442
98952
3465
577
38152
9178
49220
3686
524
7844
3779
72459
8580
776
42972
2473
30263
8423
202
6048
130
76790
8017
146
32378
1004
34246
212
317
42918
3698
9660
2702
233
49772
516
27818
4783
599
40271
8248
63395
947
283
28999
4023
43263
140
852
1488
5872
15762
1996
520
36133
1540
64371
384
654
41421
734
84991
8626
725
24401
2797
70433
7173
366
6722
3889
86382
3677
826
36770
3036
15839
2778
457
12785
4297
5065
7444
779
12011
3180
61554
6048
949
18784
7819
3863
9632
249
31601
8573
36794
870
581
14736
809
15163
236
451
919
3833
85777
8128
138
4310
3371
71864
2408
458
46547
8991
39625
8322
381
48252
9136
3701
2165
364
41916
5073
31737
2949
616
5577
2622
8715
3311
110
37806
5915
79695
6227
508
13138
1026
30627
8289
210
22317
1078
63651
9683
159
43819
8518
27404
6177
825
1366
5048
71019
8010
218
18021
1932
40076
6217
340
6561
687
53622
723
106
16128
9647
41765
4233
253
48243
4355
48647
3451
189
15310
2517
78937
8012
326
16480
1955
2764
7252
140
46856
8562
333
6229
376
23200
707
62358
1802
557
2284
7995
6506
337
420
3218
8038
24733
3742
166
14440
3696
37357
8505
949
42044
4914
10694
4522
492
29746
6996
44294
3670
885
4699
8026
52031
9679
169
37644
3974
59929
9156
553
37456
4797
61805
5327
823
13031
8479
22201
1578
561
49853
9612
78385
235
880
47475
511
81531
293
321
35285
1621
57641
3876
457
34707
9713
82957
9707
433
14748
1974
33710
5544
338
1053
8784
45862
8881
169
39849
5676
55267
9896
894
34888
8335
41559
5904
756
12774
267
29059
7012
541
44832
1432
53658
4227
572
32191
5034
73544
1310
645
20828
2440
70918
4700
454
36599
3016
79156
2248
442
32654
276
42365
2559
168
29070
2278
28010
3556
243
37932
2548
56795
2314
89
36999
278
32171
1552
346
49959
4498
32833
7674
213
10815
5442
11334
4206
817
48321
8767
29621
1927
537
30940
1681
47504
3337
361
13126
951
47997
2709
733
31718
143
53110
157
40
48656
2821
16307
4239
986
12922
8041
70833
5824
358
7444
1095
40252
9062
961
49633
3838
38915
2485
288
7970
236
13714
9448
814
16246
5610
29399
866
450
38993
266
49924
730
679
32913
1154
79199
854
853
24494
6665
97265
7812
549
41359
7594
85718
1870
333
15901
9398
75619
2499
553
24870
5778
65541
9948
653
23788
5619
5149
2961
589
45374
3803
92004
8032
128
43707
9935
68960
3872
837
348
3991
77592
2568
963
49974
1240
18519
6153
607
41687
1248
54338
7105
706
12823
4941
47890
9459
327
8629
9147
37709
410
702
48605
8571
86048
9079
596
19178
178
13722
1336
891
31590
4358
88499
221
337
8690
3457
20578
3791
549
3399
6515
82132
5841
887
7071
9616
61956
5854
289
45540
114
31574
7514
877
33529
2724
38230
194
30
43663
4023
78266
8587
625
39310
1012
8862
566
150
657
659
95994
7060
614
34379
7950
50485
1958
373
23975
3400
54414
8733
460
25426
2566
83522
5202
180
11565
9154
22987
4949
787
4964
5678
30635
9582
109
1829
2184
42616
3007
922
23298
2294
33102
2333
93
42747
6675
12309
1225
598
11209
3936
38546
7442
745
46671
4403
72643
5251
92
10812
7675
94089
9678
876
26060
3244
1967
4676
213
25809
1757
89701
7548
397
39897
2255
96933
3310
978
16080
6418
75882
978
339
49530
587
24993
4537
619
17082
1504
90426
4928
158
49837
2810
5436
434
241
33718
7614
61260
2144
552
4132
3236
20125
6123
764
29164
6736
86111
3208
115
2833
4415
19049
6375
315
23906
490
14906
4480
657
16765
6452
53001
5539
199
39870
397
37537
3400
730
46158
4704
61328
5427
957
23594
2375
75496
4751
56
18414
5712
18615
1401
222
10846
7934
586
2074
328
20848
3050
43605
8425
718
19782
988
18636
8943
38
43191
2484
95950
2808
347
21480
4702
79047
9354
326
23569
9994
87300
8092
441
39615
8992
48649
1331
279
47862
9134
3274
8505
464
9843
7911
26027
3607
572
48284
754
51154
2957
555
25431
4350
39966
882
481
41745
5473
25977
6828
859
14001
6187
72316
8327
116
2266
5036
12464
1510
364
12609
8022
83164
497
586
20095
6768
27849
8793
926
22102
621
23797
9027
714
27229
6179
22406
4597
519
49228
7672
95271
1183
865
29845
8676
88817
6101
887
39053
6283
82960
7009
453
37218
8937
17967
7894
701
43960
8096
84147
4663
130
36385
2804
85817
3026
848
25230
8788
40715
8415
239
41039
5722
4744
4884
673
27147
6855
16536
3124
340
14581
1654
57105
5552
476
15496
1879
12122
1605
790
7553
4543
22454
5414
368
47293
5485
13905
6796
820
44431
6703
5132
9706
598
21419
852
96883
8823
357
2100
1201
86947
2354
161
41357
8640
85783
1256
851
46397
8133
59928
252
302
12024
7946
49239
6301
614
8995
8377
14545
2231
134
40836
7744
94856
6297
66
46945
6599
39495
4133
964
36197
9007
97600
7418
255
10268
6375
60884
8708
358
41823
316
75898
3792
907
30463
8740
57220
307
153
41159
5804
75095
710
858
25783
5083
74905
4902
762
22519
4855
25152
2260
164
9650
6925
12795
9482
681
2606
5727
65311
4233
221
27861
5246
53124
9938
626
36970
9571
91796
275
143
46874
3569
3971
6065
946
9205
5663
39371
6525
733
44988
9994
76973
9016
172
25676
2468
28855
7244
323
34800
4999
89712
2909
860
8766
3893
7550
5942
143
38539
3803
7412
415
857
7903
9252
20546
9073
444
20366
3589
43515
5842
835
45475
7792
22427
1300
212
27532
3880
36640
426
621
19851
1200
25846
786
825
36998
6379
64325
1155
66
9065
766
39579
5894
994
46119
4940
17368
4310
802
4902
2408
13248
202
283
21799
878
98281
1927
211
43404
9535
32833
4579
280
41996
2609
75156
3267
102
44654
758
14935
2973
464
46546
1270
6197
9496
839
36301
1659
45106
6581
569
42479
1689
48128
9211
846
23926
3769
80970
8025
119
17674
4273
87082
6259
262
25123
2576
67192
981
287
6905
5867
69667
4753
30
15019
9317
16616
8090
276
9926
2455
42303
7393
684
11919
4044
56555
1856
274
39398
7146
23648
1872
459
35251
7420
20329
3654
364
32537
7410
75251
4273
558
10083
9533
28878
3783
931
39547
4467
49964
9239
430
34641
6766
27159
1148
150
32154
1949
17201
9314
914
8509
1135
20016
5105
441
17886
1403
3790
756
151
28481
3718
13616
8223
449
33033
761
5930
396
126
744
6694
79531
9822
855
12420
9898
65272
8488
108
23902
5276
57286
3603
560
45371
9142
45154
4025
370
30443
9840
82058
5181
668
20128
5873
59892
7885
886
23356
469
20421
6677
848
32690
5258
26983
6682
572
18292
3337
12222
6108
556
5875
5902
56050
2483
82
13197
2945
77210
5394
706
47752
8254
33978
7867
357
29893
3064
91358
3217
906
8884
9899
45945
9144
829
38334
3694
17356
3267
262
24803
9424
46564
742
577
14960
6182
84282
4179
202
28747
5451
52736
8158
509
36572
7627
11163
6828
168
5204
2760
31551
8253
665
44915
9191
73062
2604
594
19373
9967
50486
3271
479
3400
2293
9452
3982
745
47660
9162
34514
6116
181
1535
9308
99199
4769
356
5783
9807
8320
6735
185
19546
8189
29736
1961
188
4768
9492
26874
8378
591
25705
1731
48293
134
160
19920
6259
66484
3291
867
20981
4292
67411
9178
196
6234
2882
36004
4758
436
21114
5667
19971
8558
966
29885
5306
86289
6326
306
10045
4101
45439
9231
51
18159
2688
87865
2172
179
48995
4957
63136
4192
879
48255
9152
74548
631
546
35045
9792
72884
4819
558
15946
9277
41214
3525
946
31412
3879
47571
5638
468
26234
2761
5606
8299
973
30168
1680
59040
5317
636
6618
5225
925
941
343
14534
8398
67490
7811
644
27706
4162
50986
822
640
42133
633
976
6759
542
13231
3416
87739
3027
536
8855
2981
84731
7149
110
23094
7634
88534
6874
608
36300
3792
52544
2860
300
29245
2563
70136
8505
429
22111
5303
63678
9881
37
15501
7833
39668
7180
96
32567
5689
47312
4571
428
14571
9330
18718
3087
181
35970
2741
60847
5111
64
34908
8795
22992
2819
125
35830
3637
33544
4928
78
38811
639
71381
3040
115
34623
3287
51152
1492
376
10248
5895
77676
9075
307
18014
7737
74099
1265
627
28269
3249
5185
3154
831
2872
1299
61902
8845
959
19047
6128
70997
1995
823
8108
7608
14638
1751
597
33282
1789
1800
3569
857
10286
550
63580
1996
943
48390
9723
73727
2703
241
31857
4715
70917
9663
420
6663
1535
51792
1554
797
38998
8272
4053
2900
217
33389
5658
19124
1645
661
44750
5908
82982
1280
274
27031
9413
59638
6307
476
41575
8708
66150
8853
979
46359
912
68416
656
998
2250
1379
30997
5054
366
19276
9243
47246
4858
212
38497
3162
76028
5985
465
6143
2237
19188
7590
990
33807
6052
65418
9120
627
24306
2774
80100
4998
931
13660
8965
23499
3886
606
37619
1286
56563
5136
348
33733
6398
84983
2360
329
21682
8822
36450
5183
511
36979
2672
63335
1476
399
30052
5227
88216
9537
105
37076
6989
8411
7120
701
36655
2952
69768
7437
60
16826
1022
96689
469
807
44514
9837
90755
4429
870
13956
4867
3423
3841
416
16009
7383
13819
7577
804
43674
3676
71444
1486
590
22271
7394
84379
9647
252
31080
9368
16855
1366
143
7164
1218
59008
4479
859
41051
671
95021
5022
763
11944
8177
36932
2676
382
24860
4031
67661
9942
232
34082
4716
83696
722
111
10222
9278
504
7850
437
44796
4629
57075
2042
803
26297
8348
66102
974
795
28233
5133
59922
5871
461
710
2458
25344
1948
285
9181
2857
11218
330
276
36898
4256
84712
5589
510
35255
5347
67450
9960
504
41976
5834
92326
7944
217
47886
7987
10291
5876
495
352
8262
13433
7403
819
29047
6060
25410
6152
145
48199
8081
50695
9826
615
24845
5541
76550
3162
910
36406
3719
60469
7402
54
32022
5719
59753
8223
411
6367
2116
59500
7870
517
35448
1650
95431
2944
454
37274
428
88941
7615
533
6041
7751
93612
4595
943
44464
8208
95120
7321
643
14043
7261
86864
5255
827
13386
7349
5905
2318
863
11990
1904
22615
3069
349
29974
2353
78306
4771
275
45325
9161
49816
1517
726
28881
2734
82720
964
497
46254
8356
96703
641
931
46180
8125
50851
6223
96
31374
6488
13889
7378
586
4607
6995
37480
2612
483
19362
6687
49660
8825
881
11653
3036
34343
1101
496
40732
4031
19046
9391
32
11146
4912
23601
5751
97
13903
4230
27470
8838
771
7794
8729
29657
6559
242
7810
8764
91197
7600
574
13526
4917
35468
4753
668
9506
813
86994
2075
913
36302
7596
81795
6025
564
38697
7288
40361
6024
356
15743
8292
49180
1466
115
26729
7158
27608
4069
508
36507
9727
27876
2391
448
40337
2848
74883
5548
423
42527
7436
91244
1485
657
39758
6585
89169
8154
534
18629
2411
53643
8703
673
30812
5438
28175
8068
141
25361
4612
26909
1731
891
26790
4191
72506
3318
286
11115
5454
18066
4855
822
32577
7458
54801
8498
671
25265
2752
74665
768
156
42352
7181
5749
5021
562
29168
2132
87538
2928
570
27822
330
43301
4019
376
47014
2658
8490
5349
619
1511
2768
5054
7441
646
4501
4887
64252
4283
239
38603
5385
2421
2057
134
49124
2721
56761
4182
347
35985
671
23718
4740
478
6681
8776
83632
6613
508
25927
3562
18381
416
426
36333
1181
16368
4173
735
18737
1278
39835
4959
635
33125
8909
93890
3038
252
47477
5375
24686
9494
126
8162
6142
30407
5551
468
42403
7131
31415
9380
164
7068
9870
81977
7013
545
13381
7387
343
5851
415
48673
6037
48736
1926
1000
4736
5782
15785
7546
38
30683
6995
26311
6459
856
49604
2746
69830
1540
726
9013
8458
24009
3181
671
20767
7579
38559
1119
705
35612
4161
87149
995
437
6978
6048
31044
9180
179
13872
8127
4287
5225
168
6850
815
48440
9938
40
48215
9827
13131
3201
537
18802
135
210
244
592
4531
8412
80942
3823
844
46470
6119
19455
4824
995
33270
3500
79568
1129
694
30227
1933
37484
9154
675
17294
1761
26715
7303
487
28925
9097
50390
4065
718
8431
796
24570
3328
826
5559
4549
8090
3320
545
6377
7272
59608
3072
917
30470
7255
21651
7211
428
34541
6604
48621
6617
568
23043
2184
3524
8562
163
45835
7577
69463
7196
499
18993
424
67696
4854
405
29418
3197
22994
5479
141
47273
8176
77998
4899
965
18292
4619
14420
9783
747
47396
4116
95528
5430
187
24193
5128
18796
7462
472
9613
9949
27578
3079
227
48549
3984
63875
5335
974
19905
8203
27192
6695
519
29747
6011
50972
8294
317
48350
3189
88301
3904
175
8188
9903
49632
2613
590
29967
8847
50802
9210
511
456
6782
18056
9873
184
21535
2060
11801
2472
849
14092
9403
57963
9445
979
16207
9711
24483
7097
493
18356
4886
64898
5034
617
5300
7807
91819
1034
208
37204
286
96925
9505
117
35441
8796
43228
2621
753
49630
8350
60283
9516
207
43417
1631
15510
9299
227
43992
1342
76199
4975
537
426
5556
78831
5061
175
13367
1192
14436
709
92
18979
816
32266
5166
391
36026
7813
86410
3029
701
7211
3916
47450
7992
986
6641
1711
76442
8264
510
46973
7338
12386
2465
666
10468
6577
71689
7947
627
40013
8408
15952
4446
134
28677
5630
98443
2151
335
10236
5096
63578
256
509
27985
3232
45647
4229
493
34930
4894
65300
5314
403
30962
1162
51234
1437
684
32397
6511
57854
9446
596
22369
8278
18862
2707
478
6611
605
70230
3065
731
23384
4672
11040
9450
655
49110
2823
11783
6620
818
3259
1594
61427
3383
455
28616
4992
72084
7254
395
12797
6188
85331
2603
501
32323
5300
40240
4850
166
19773
5703
78326
386
223
21395
9064
52264
6803
354
14064
2127
65442
4520
708
20538
248
36671
3870
662
22437
1168
58250
786
779
9048
8964
39996
7219
922
16246
110
64108
1915
860
15509
1244
16027
9954
522
5859
7427
29342
1877
797
15886
1545
36395
9609
223
8605
2774
91321
5085
34
20683
9241
87552
8301
703
19979
1197
13454
9106
259
25323
316
48929
8254
439
32780
2184
67150
1204
133
33189
2469
58553
3185
453
11482
5880
57315
2294
107
2028
6393
16814
6248
824
8462
3772
53746
5420
771
19138
5049
2139
4917
399
40802
7996
24617
5163
516
26941
4993
15580
7640
791
1184
3857
11493
4827
762
40073
6892
82831
1222
995
20579
9551
5495
4110
328
9947
3225
80102
5494
170
36288
359
16856
6495
389
7949
896
32060
6814
180
12645
4996
95983
5805
781
17745
5518
3221
4447
116
26698
4816
52712
2852
443
9885
4184
532
6713
731
46353
8731
65368
8933
790
43803
1309
43495
648
148
32624
772
30625
1561
360
32775
2171
96081
8828
312
9775
936
27934
5440
33
30613
5433
16039
836
439
18762
6733
46619
984
167
41735
3193
